episode,starting_total_steps,starting_epsilon,is_win,avg_loss,reward,win,steps,composition_size
0,0,1.0,False,1.1043944391485763,-1920.919999999998,False,292,"(0, 0)"
1,0,0.9972112676056338,True,8.82648045454568,-117.22999999999894,True,123,"(0, 0)"
2,0,0.9944225352112676,False,7.266349127847854,-581.9199999999992,False,292,"(0, 0)"
3,0,0.9916338028169014,False,8.191379001695816,-2792.9200000000137,False,292,"(0, 0)"
4,0,0.9888450704225352,True,8.469850818478331,-510.449999999999,True,245,"(0, 0)"
5,0,0.986056338028169,True,8.488720523727524,-117.42999999999904,True,143,"(0, 0)"
6,0,0.9832676056338028,False,7.979452056427524,-975.9199999999976,False,292,"(0, 0)"
7,0,0.9804788732394366,True,7.947148460231415,-705.4599999999989,True,146,"(0, 0)"
8,0,0.9776901408450704,False,7.734636928937206,-1216.9199999999978,False,292,"(0, 0)"
9,0,0.9749014084507043,False,8.248521313275376,-1152.919999999998,False,292,"(0, 0)"
10,0,0.972112676056338,False,8.292898777413042,-1152.9199999999978,False,292,"(0, 0)"
11,0,0.9693239436619718,False,8.356267099511134,-561.9199999999973,False,292,"(0, 0)"
12,0,0.9665352112676057,False,7.941482786446402,-758.9199999999976,False,292,"(0, 0)"
13,0,0.9637464788732394,True,7.459448349328689,275.18999999999994,True,81,"(0, 0)"
14,0,0.9609577464788732,True,7.76768472020219,-510.04999999999814,True,205,"(0, 0)"
15,0,0.958169014084507,True,7.556347483919378,-510.8499999999974,True,285,"(0, 0)"
16,0,0.9553802816901409,True,7.419460021680401,-313.239999999999,True,124,"(0, 0)"
17,0,0.9525915492957746,True,7.4367910450902475,-509.4499999999988,True,145,"(0, 0)"
18,0,0.9498028169014084,False,7.580145754226266,-1546.9199999999976,False,292,"(0, 0)"
19,0,0.9470140845070423,True,7.652223010592991,-510.24999999999795,True,225,"(0, 0)"
20,0,0.944225352112676,True,7.334313326542921,77.98000000000134,True,202,"(0, 0)"
21,0,0.9414366197183098,True,7.4030487392595425,-902.4699999999982,True,247,"(0, 0)"
22,0,0.9386478873239437,False,7.892589793629842,-1019.9199999999973,False,292,"(0, 0)"
23,0,0.9358591549295775,False,7.4520194195721245,-975.919999999998,False,292,"(0, 0)"
24,0,0.9330704225352113,False,7.504100624829123,-975.9199999999973,False,292,"(0, 0)"
25,0,0.930281690140845,False,7.617845359730394,-2551.9200000000055,False,292,"(0, 0)"
26,0,0.9274929577464789,False,7.968597725646137,-344.91999999999837,False,292,"(0, 0)"
27,0,0.9247042253521127,False,7.958604837933632,-1803.9199999999973,False,292,"(0, 0)"
28,0,0.9219154929577464,True,8.099628097337225,-313.8399999999983,True,184,"(0, 0)"
29,0,0.9191267605633803,True,7.96258572058949,-706.4599999999984,True,246,"(0, 0)"
30,0,0.9163380281690141,False,7.955579805864047,-2000.9199999999973,False,292,"(0, 0)"
31,0,0.9135492957746479,False,7.753009569155027,-1172.919999999998,False,292,"(0, 0)"
32,0,0.9107605633802817,False,7.953841616846111,-2969.9200000000455,False,292,"(0, 0)"
33,0,0.9079718309859155,False,7.651564733622825,-1389.9199999999976,False,292,"(0, 0)"
34,0,0.9051830985915493,False,7.706222165937293,-1409.919999999998,False,292,"(0, 0)"
35,0,0.9023943661971832,False,7.903033617424638,-1703.9199999999976,False,292,"(0, 0)"
36,0,0.8996056338028169,True,7.785953891733305,-117.82999999999839,True,183,"(0, 0)"
37,0,0.8968169014084507,False,7.71677868578532,-1349.919999999998,False,292,"(0, 0)"
38,0,0.8940281690140846,True,7.649728301521781,-706.8599999999974,True,286,"(0, 0)"
39,0,0.8912394366197183,True,7.516014619307085,274.79,True,121,"(0, 0)"
40,0,0.8884507042253521,False,7.5128172774837445,-955.919999999998,False,292,"(0, 0)"
41,0,0.8856619718309859,True,7.680331747872489,-510.4499999999979,True,245,"(0, 0)"
42,0,0.8828732394366198,True,7.034110737569405,-314.63999999999805,True,264,"(0, 0)"
43,0,0.8800845070422535,False,7.381947222637804,-561.9199999999987,False,292,"(0, 0)"
44,0,0.8772957746478873,False,7.216393607936493,-581.9199999999978,False,292,"(0, 0)"
45,0,0.8745070422535212,True,7.345224639762037,-118.62999999999852,True,263,"(0, 0)"
46,0,0.871718309859155,False,7.195196000680531,-738.9199999999986,False,292,"(0, 0)"
47,0,0.8689295774647887,False,7.175757509388336,-2157.919999999998,False,292,"(0, 0)"
48,0,0.8661408450704225,True,7.211678988497022,78.58000000000068,True,142,"(0, 0)"
49,0,0.8633521126760564,False,7.221535868024173,-1369.9199999999973,False,292,"(0, 0)"
50,0,0.8605633802816901,False,6.9795023153906,-541.9199999999984,False,292,"(0, 0)"
51,0,0.8577746478873239,True,6.801110541524966,274.78999999999996,True,121,"(0, 0)"
52,0,0.8549859154929578,True,6.842347316689544,78.18000000000033,True,182,"(0, 0)"
53,0,0.8521971830985915,False,7.0423494283467125,-167.91999999999862,False,292,"(0, 0)"
54,0,0.8494084507042253,False,6.598281667657094,-1771.9199999999973,False,292,"(0, 0)"
55,0,0.8466197183098592,False,6.88207042380555,-364.9199999999976,False,292,"(0, 0)"
56,0,0.8438309859154929,False,6.951250466581893,-1940.9199999999976,False,292,"(0, 0)"
57,0,0.8410422535211267,False,6.986353888087077,-1803.9199999999973,False,292,"(0, 0)"
58,0,0.8382535211267605,True,6.856531763410235,-117.42999999999961,True,143,"(0, 0)"
59,0,0.8354647887323944,True,6.564696596629584,273.99,True,201,"(0, 0)"
60,0,0.8326760563380282,False,6.823360171220074,-187.9199999999978,False,292,"(0, 0)"
61,0,0.8298873239436619,False,6.659312105342133,-368.9199999999996,False,292,"(0, 0)"
62,0,0.8270985915492958,False,6.597717376604472,-1349.9199999999976,False,292,"(0, 0)"
63,0,0.8243098591549296,True,6.414251174153509,-509.8499999999983,True,185,"(0, 0)"
64,0,0.8215211267605633,False,6.622826196559488,-975.9199999999987,False,292,"(0, 0)"
65,0,0.8187323943661972,True,6.687996971473265,-902.6699999999985,True,267,"(0, 0)"
66,0,0.815943661971831,False,6.568910757156267,-1763.9199999999978,False,292,"(0, 0)"
67,0,0.8131549295774648,True,6.7463537224089904,274.19,True,181,"(0, 0)"
68,0,0.8103661971830987,False,6.667603573570513,-999.9199999999978,False,292,"(0, 0)"
69,0,0.8075774647887324,True,6.357975539039163,78.98000000000013,True,102,"(0, 0)"
70,0,0.8047887323943662,True,6.469120989383106,78.58000000000105,True,142,"(0, 0)"
71,0,0.802,True,6.509963633758681,-314.2399999999982,True,224,"(0, 0)"
72,0,0.7992112676056338,True,6.507550355864734,-313.6399999999994,True,164,"(0, 0)"
73,0,0.7964225352112676,False,6.5477376980324316,-1152.9199999999973,False,292,"(0, 0)"
74,0,0.7936338028169014,False,6.644659736385084,-231.9199999999978,False,292,"(0, 0)"
75,0,0.7908450704225352,True,6.757266532253305,-902.8699999999976,True,287,"(0, 0)"
76,0,0.788056338028169,False,6.630586780913888,-1610.9199999999978,False,292,"(0, 0)"
77,0,0.7852676056338028,False,6.638555582663784,-151.9199999999976,False,292,"(0, 0)"
78,0,0.7824788732394365,True,6.535886814980091,273.59000000000015,True,241,"(0, 0)"
79,0,0.7796901408450704,False,6.189710663197792,-822.9199999999979,False,292,"(0, 0)"
80,0,0.7769014084507042,True,6.320933707788879,-314.03999999999917,True,204,"(0, 0)"
81,0,0.774112676056338,True,6.244065003487671,-706.0599999999982,True,206,"(0, 0)"
82,0,0.7713239436619719,False,6.361097521977882,-1132.9199999999976,False,292,"(0, 0)"
83,0,0.7685352112676056,False,6.622932939905009,-915.919999999998,False,292,"(0, 0)"
84,0,0.7657464788732394,True,6.038888434123566,-118.22999999999922,True,223,"(0, 0)"
85,0,0.7629577464788733,False,6.177221764032155,-1023.9199999999978,False,292,"(0, 0)"
86,0,0.760169014084507,True,6.1762325214536,-902.6699999999985,True,267,"(0, 0)"
87,0,0.7573802816901408,True,6.247801175691132,-706.6599999999995,True,266,"(0, 0)"
88,0,0.7545915492957747,False,6.085468695996559,-2137.9200000000005,False,292,"(0, 0)"
89,0,0.7518028169014085,False,6.4315019899035155,-959.9199999999978,False,292,"(0, 0)"
90,0,0.7490140845070423,False,6.512998262496843,-2137.920000000019,False,292,"(0, 0)"
91,0,0.746225352112676,True,6.279878477823167,-509.04999999999905,True,105,"(0, 0)"
92,0,0.7434366197183099,False,6.537506864087223,-846.9199999999975,False,292,"(0, 0)"
93,0,0.7406478873239437,True,6.3671348935181875,-902.2699999999986,True,227,"(0, 0)"
94,0,0.7378591549295774,False,6.29014627451766,-758.9199999999976,False,292,"(0, 0)"
95,0,0.7350704225352114,False,6.411132300553256,-1940.9199999999976,False,292,"(0, 0)"
96,0,0.7322816901408451,True,6.269685783037326,-313.6399999999992,True,164,"(0, 0)"
97,0,0.7294929577464788,False,6.306943817497933,-127.91999999999798,False,292,"(0, 0)"
98,0,0.7267042253521127,True,6.199099185276617,-117.62999999999863,True,163,"(0, 0)"
99,0,0.7239154929577465,True,6.241487151742403,-118.82999999999862,True,283,"(0, 0)"
100,0,0.7211267605633802,True,6.201918463889367,-117.82999999999936,True,183,"(0, 0)"
101,0,0.7183380281690142,False,6.18708764935193,-1546.9199999999976,False,292,"(0, 0)"
102,0,0.7155492957746479,False,6.185589079171011,-2145.919999999999,False,292,"(0, 0)"
103,0,0.7127605633802817,True,6.231368769897274,-117.62999999999857,True,163,"(0, 0)"
104,0,0.7099718309859155,True,6.376673518875499,78.38000000000018,True,162,"(0, 0)"
105,0,0.7071830985915493,True,6.325571291702838,77.580000000002,True,242,"(0, 0)"
106,0,0.7043943661971831,True,5.907330366872972,-313.23999999999955,True,124,"(0, 0)"
107,0,0.7016056338028169,True,6.228452676143802,-314.4399999999981,True,244,"(0, 0)"
108,0,0.6988169014084507,False,6.327782862398722,-147.91999999999777,False,292,"(0, 0)"
109,0,0.6960281690140846,True,6.188546993255615,-509.2499999999991,True,125,"(0, 0)"
110,0,0.6932394366197183,True,6.175079582964332,-706.0599999999986,True,206,"(0, 0)"
111,0,0.690450704225352,True,5.881808578377903,274.98999999999995,True,101,"(0, 0)"
112,0,0.6876619718309859,True,5.872197675175137,-510.2499999999982,True,225,"(0, 0)"
113,0,0.6848732394366197,True,6.4395503631004924,78.18000000000056,True,182,"(0, 0)"
114,0,0.6820845070422534,True,6.253850363959831,-118.62999999999857,True,263,"(0, 0)"
115,0,0.6792957746478874,False,6.165220028733554,-3299.920000000012,False,292,"(0, 0)"
116,0,0.6765070422535211,False,6.197416648472825,-718.9199999999986,False,292,"(0, 0)"
117,0,0.6737183098591549,True,6.462551949615765,-706.6599999999987,True,266,"(0, 0)"
118,0,0.6709295774647888,False,6.0394167516329516,-738.9199999999977,False,292,"(0, 0)"
119,0,0.6681408450704225,False,5.983758579378259,-1132.9199999999976,False,292,"(0, 0)"
120,0,0.6653521126760564,False,6.224313533469422,-1329.919999999998,False,292,"(0, 0)"
121,0,0.6625633802816902,True,6.247460124516251,274.99,True,101,"(0, 0)"
122,0,0.659774647887324,True,6.19089497742078,274.59000000000003,True,141,"(0, 0)"
123,0,0.6569859154929578,True,6.017876725096802,-117.42999999999915,True,143,"(0, 0)"
124,0,0.6541971830985915,True,6.170484622319539,274.59,True,141,"(0, 0)"
125,0,0.6514084507042254,False,6.191182470893207,-2551.9200000000137,False,292,"(0, 0)"
126,0,0.6486197183098592,True,6.16105110763658,274.59,True,141,"(0, 0)"
127,0,0.6458309859154929,True,6.137930476961057,274.79,True,121,"(0, 0)"
128,0,0.6430422535211268,True,6.219841713952546,274.98999999999995,True,101,"(0, 0)"
129,0,0.6402535211267606,True,5.985023652563001,77.98000000000131,True,202,"(0, 0)"
130,0,0.6374647887323943,True,6.405184553870073,77.1800000000006,True,282,"(0, 0)"
131,0,0.6346760563380281,True,6.193747628193635,-313.0399999999993,True,104,"(0, 0)"
132,0,0.631887323943662,True,6.203711460848323,78.7800000000005,True,122,"(0, 0)"
133,0,0.6290985915492957,False,6.099481995791605,-1309.919999999998,False,292,"(0, 0)"
134,0,0.6263098591549296,True,6.085105041466137,77.98000000000091,True,202,"(0, 0)"
135,0,0.6235211267605634,True,6.057447521726071,274.19000000000005,True,181,"(0, 0)"
136,0,0.6207323943661972,True,6.008995210765896,-706.6599999999988,True,266,"(0, 0)"
137,0,0.617943661971831,False,6.042923460267994,-392.9199999999984,False,292,"(0, 0)"
138,0,0.6151549295774648,True,5.811451026135021,-313.4399999999989,True,144,"(0, 0)"
139,0,0.6123661971830986,True,5.8570192510431465,-117.42999999999876,True,143,"(0, 0)"
140,0,0.6095774647887324,True,5.889129521416836,78.78000000000087,True,122,"(0, 0)"
141,0,0.6067887323943661,True,5.903471670499662,79.17999999999998,True,82,"(0, 0)"
142,0,0.604,True,6.177076367482747,-705.4599999999987,True,146,"(0, 0)"
143,0,0.6012112676056338,True,5.612252497282184,78.78000000000067,True,122,"(0, 0)"
144,0,0.5984225352112675,True,5.762191711153303,-510.449999999998,True,245,"(0, 0)"
145,0,0.5956338028169015,True,5.991953877939118,-313.4399999999988,True,144,"(0, 0)"
146,0,0.5928450704225352,True,5.8017278694715655,78.78000000000019,True,122,"(0, 0)"
147,0,0.590056338028169,False,5.9020988716654585,-1329.9199999999976,False,292,"(0, 0)"
148,0,0.5872676056338029,True,6.054926239617981,274.99,True,101,"(0, 0)"
149,0,0.5844788732394366,True,6.017095339048159,-117.42999999999927,True,143,"(0, 0)"
150,0,0.5816901408450704,False,5.727676100926857,-167.91999999999788,False,292,"(0, 0)"
151,0,0.5789014084507043,True,5.861170516423653,-117.6299999999996,True,163,"(0, 0)"
152,0,0.576112676056338,True,5.970058212002504,-117.02999999999918,True,103,"(0, 0)"
153,0,0.5733239436619719,False,5.734906486860694,-1988.9199999999987,False,292,"(0, 0)"
154,0,0.5705352112676056,False,5.707797877592583,-1132.9199999999987,False,292,"(0, 0)"
155,0,0.5677464788732395,True,5.794898642434014,275.18999999999994,True,81,"(0, 0)"
156,0,0.5649577464788732,True,5.884192953238616,77.7800000000004,True,222,"(0, 0)"
157,0,0.562169014084507,True,5.8883131675317255,78.58000000000108,True,142,"(0, 0)"
158,0,0.5593802816901408,True,6.285910811306032,274.78999999999996,True,121,"(0, 0)"
159,0,0.5565915492957747,False,5.824558200085,-1116.919999999998,False,292,"(0, 0)"
160,0,0.5538028169014084,False,5.840424457641497,-1526.9199999999978,False,292,"(0, 0)"
161,0,0.5510140845070423,True,6.109814394908737,-1294.4899999999977,True,249,"(0, 0)"
162,0,0.5482253521126761,True,5.853946681945555,-313.2399999999989,True,124,"(0, 0)"
163,0,0.5454366197183098,True,5.935607262599615,275.18999999999994,True,81,"(0, 0)"
164,0,0.5426478873239436,True,5.868895298158619,78.58000000000023,True,142,"(0, 0)"
165,0,0.5398591549295775,True,5.5752245966750795,274.98999999999995,True,101,"(0, 0)"
166,0,0.5370704225352113,True,5.857847036408984,274.78999999999996,True,121,"(0, 0)"
167,0,0.5342816901408451,True,5.7636224452187035,78.9800000000005,True,102,"(0, 0)"
168,0,0.5314929577464789,True,6.01009080855827,-117.22999999999945,True,123,"(0, 0)"
169,0,0.5287042253521127,True,5.6092311557659436,274.78999999999996,True,121,"(0, 0)"
170,0,0.5259154929577465,True,6.025000136073043,-117.22999999999894,True,123,"(0, 0)"
171,0,0.5231267605633803,True,5.597236618643901,78.78000000000058,True,122,"(0, 0)"
172,0,0.5203380281690141,True,5.649392931206712,-117.02999999999918,True,103,"(0, 0)"
173,0,0.5175492957746479,False,5.820816427061002,-147.91999999999916,False,292,"(0, 0)"
174,0,0.5147605633802816,True,5.8914335194756005,78.98000000000013,True,102,"(0, 0)"
175,0,0.5119718309859155,False,5.700075470421412,-999.9199999999985,False,292,"(0, 0)"
176,0,0.5091830985915493,True,5.739711650125273,78.18000000000067,True,182,"(0, 0)"
177,0,0.506394366197183,True,5.737695821360046,-314.0399999999984,True,204,"(0, 0)"
178,0,0.503605633802817,True,5.552064938395548,-118.22999999999809,True,223,"(0, 0)"
179,0,0.5008169014084507,False,5.8151721648157455,-4915.920000000015,False,292,"(0, 0)"
180,0,0.49802816901408453,True,6.012793944205767,78.38000000000001,True,162,"(0, 0)"
181,0,0.49523943661971837,True,5.730199797480714,78.98000000000019,True,102,"(0, 0)"
182,0,0.4924507042253521,True,5.907347223975441,274.78999999999996,True,121,"(0, 0)"
183,0,0.4896619718309859,True,5.722420236210764,78.3800000000008,True,162,"(0, 0)"
184,0,0.48687323943661975,True,6.064210840493194,274.78999999999996,True,121,"(0, 0)"
185,0,0.4840845070422536,True,5.680768483926442,274.7900000000001,True,121,"(0, 0)"
186,0,0.4812957746478873,True,5.7267158156508335,-117.42999999999893,True,143,"(0, 0)"
187,0,0.47850704225352114,True,6.041012101775998,78.18000000000048,True,182,"(0, 0)"
188,0,0.475718309859155,True,5.498149445027481,275.18999999999994,True,81,"(0, 0)"
189,0,0.4729295774647888,True,5.76602990694449,78.58000000000057,True,142,"(0, 0)"
190,0,0.47014084507042264,True,6.168643475759147,274.99,True,101,"(0, 0)"
191,0,0.46735211267605636,True,5.68284212956663,78.78000000000038,True,122,"(0, 0)"
192,0,0.4645633802816902,True,5.93127887925984,275.18999999999994,True,81,"(0, 0)"
193,0,0.4617746478873239,True,5.978229638442253,-117.02999999999912,True,103,"(0, 0)"
194,0,0.45898591549295775,True,5.9474074095487595,-313.4399999999987,True,144,"(0, 0)"
195,0,0.4561971830985915,True,5.904893228913298,77.98000000000054,True,202,"(0, 0)"
196,0,0.4534084507042253,True,6.036230177414127,79.18000000000043,True,82,"(0, 0)"
197,0,0.45061971830985914,True,5.758386343963875,274.78999999999996,True,121,"(0, 0)"
198,0,0.447830985915493,True,5.834663898637979,274.98999999999995,True,101,"(0, 0)"
199,0,0.4450422535211267,True,5.660520838311881,274.79,True,121,"(0, 0)"
200,0,0.44225352112676053,True,5.706802527109782,275.18999999999994,True,81,"(0, 0)"
201,0,0.43946478873239436,True,5.86111565627674,274.99,True,101,"(0, 0)"
202,0,0.4366760563380282,True,5.855628095421136,78.9800000000005,True,102,"(0, 0)"
203,0,0.4338873239436619,True,5.589092728532391,275.18999999999994,True,81,"(0, 0)"
204,0,0.43109859154929575,True,5.937206712769873,275.18999999999994,True,81,"(0, 0)"
205,0,0.4283098591549296,True,5.636126194534631,-1882.320000000005,True,232,"(0, 0)"
206,0,0.4255211267605634,True,5.817658924362035,-117.02999999999918,True,103,"(0, 0)"
207,0,0.42273239436619714,False,5.692356828140886,-2354.920000000002,False,292,"(0, 0)"
208,0,0.419943661971831,True,5.813674782529289,275.18999999999994,True,81,"(0, 0)"
209,0,0.4171549295774648,True,5.632015169089567,274.59000000000003,True,141,"(0, 0)"
210,0,0.41436619718309864,True,5.7938542413239436,274.98999999999995,True,101,"(0, 0)"
211,0,0.41157746478873236,True,5.833518176975817,274.98999999999995,True,101,"(0, 0)"
212,0,0.4087887323943662,True,5.92242218212909,-116.82999999999959,True,83,"(0, 0)"
213,0,0.406,True,5.561997482474421,78.58000000000074,True,142,"(0, 0)"
214,0,0.40321126760563386,True,5.655563472521187,274.98999999999995,True,101,"(0, 0)"
215,0,0.4004225352112677,True,5.54294089105103,78.18000000000124,True,182,"(0, 0)"
216,0,0.3976338028169014,True,5.6452573188921304,-117.22999999999962,True,123,"(0, 0)"
217,0,0.39484507042253525,True,6.052662841609267,78.78000000000058,True,122,"(0, 0)"
218,0,0.3920563380281691,True,5.5636894305547075,274.59000000000003,True,141,"(0, 0)"
219,0,0.3892676056338029,True,5.659065891195227,275.18999999999994,True,81,"(0, 0)"
220,0,0.38647887323943664,False,5.682394236326218,-432.9199999999979,False,292,"(0, 0)"
221,0,0.38369014084507047,True,5.67693421115046,274.39000000000004,True,161,"(0, 0)"
222,0,0.3809014084507042,True,5.646223973302008,-117.02999999999963,True,103,"(0, 0)"
223,0,0.378112676056338,True,5.770192283214909,274.98999999999995,True,101,"(0, 0)"
224,0,0.37532394366197175,True,5.656820351694837,275.18999999999994,True,81,"(0, 0)"
225,0,0.3725352112676056,False,5.5452734321764074,-3367.9200000000174,False,292,"(0, 0)"
226,0,0.3697464788732394,True,5.73573645506755,274.98999999999995,True,101,"(0, 0)"
227,0,0.36695774647887325,True,5.327393902410375,274.98999999999995,True,101,"(0, 0)"
228,0,0.36416901408450697,False,5.637249805747646,-4855.920000000011,False,292,"(0, 0)"
229,0,0.3613802816901408,True,6.023859755665648,78.9800000000001,True,102,"(0, 0)"
230,0,0.35859154929577464,False,5.794388661237612,-2905.9200000000037,False,292,"(0, 0)"
231,0,0.35580281690140847,True,5.873827203816059,78.98000000000062,True,102,"(0, 0)"
232,0,0.3530140845070422,False,5.957434624025266,-798.9199999999993,False,292,"(0, 0)"
233,0,0.350225352112676,True,5.698294389481638,78.98000000000022,True,102,"(0, 0)"
234,0,0.34743661971830986,False,5.839416964413369,-2511.9200000000073,False,292,"(0, 0)"
235,0,0.3446478873239437,True,5.944917598804394,-117.42999999999915,True,143,"(0, 0)"
236,0,0.3418591549295774,True,6.1003349371898326,275.18999999999994,True,81,"(0, 0)"
237,0,0.33907042253521125,True,5.838712779487052,79.18000000000023,True,82,"(0, 0)"
238,0,0.3362816901408451,True,6.0715407758656115,274.98999999999995,True,101,"(0, 0)"
239,0,0.3334929577464789,True,5.977216587347143,78.98000000000062,True,102,"(0, 0)"
240,0,0.33070422535211275,True,6.1413446062862285,274.98999999999995,True,101,"(0, 0)"
241,0,0.32791549295774647,True,6.0239248299131205,78.98000000000067,True,102,"(0, 0)"
242,0,0.3251267605633803,True,6.225087212927548,275.18999999999994,True,81,"(0, 0)"
243,0,0.32233802816901413,True,6.2573727776364585,79.18000000000023,True,82,"(0, 0)"
244,0,0.31954929577464797,True,6.2050675425199,274.98999999999995,True,101,"(0, 0)"
245,0,0.3167605633802817,True,5.911904686862982,-117.02999999999969,True,103,"(0, 0)"
246,0,0.3139718309859155,True,5.898440629982751,274.79,True,121,"(0, 0)"
247,0,0.31118309859154936,True,5.693854314309579,275.18999999999994,True,81,"(0, 0)"
248,0,0.3083943661971832,True,5.696785356387619,274.78999999999996,True,121,"(0, 0)"
249,0,0.3056056338028169,True,6.034882538389452,274.98999999999995,True,101,"(0, 0)"
250,0,0.30281690140845074,True,5.704917314204764,274.59,True,141,"(0, 0)"
251,0,0.3000281690140846,True,6.154824566132952,274.98999999999995,True,101,"(0, 0)"
252,0,0.2972394366197183,True,5.810732226312896,275.18999999999994,True,81,"(0, 0)"
253,0,0.294450704225352,False,5.74878870828511,-2599.920000000031,False,292,"(0, 0)"
254,0,0.29166197183098586,True,5.723039422236698,78.58000000000077,True,142,"(0, 0)"
255,0,0.2888732394366197,True,5.690057391962729,274.78999999999996,True,121,"(0, 0)"
256,0,0.2860845070422535,True,6.178349951418435,79.17999999999998,True,82,"(0, 0)"
257,0,0.28329577464788724,True,5.752607541509194,274.98999999999995,True,101,"(0, 0)"
258,0,0.2805070422535211,True,5.812538781968674,274.98999999999995,True,101,"(0, 0)"
259,0,0.2777183098591549,True,5.799673546444286,274.79,True,121,"(0, 0)"
260,0,0.27492957746478874,True,5.942616362197726,78.98000000000019,True,102,"(0, 0)"
261,0,0.2721408450704226,True,5.802809806153325,274.98999999999995,True,101,"(0, 0)"
262,0,0.2693521126760563,True,5.94128783152137,78.5800000000002,True,142,"(0, 0)"
263,0,0.26656338028169013,True,5.857289561518916,275.18999999999994,True,81,"(0, 0)"
264,0,0.26377464788732397,True,5.76127569038089,274.99,True,101,"(0, 0)"
265,0,0.2609859154929578,True,5.727566081064719,275.18999999999994,True,81,"(0, 0)"
266,0,0.2581971830985915,True,5.752223682992252,275.18999999999994,True,81,"(0, 0)"
267,0,0.25540845070422535,True,5.98779662975595,274.79,True,121,"(0, 0)"
268,0,0.2526197183098592,True,5.731642291097358,274.99,True,101,"(0, 0)"
269,0,0.24983098591549302,True,5.631504901564948,274.98999999999995,True,101,"(0, 0)"
270,0,0.24704225352112674,True,5.566656362863235,275.18999999999994,True,81,"(0, 0)"
271,0,0.24425352112676058,True,5.722171082729247,79.17999999999998,True,82,"(0, 0)"
272,0,0.2414647887323944,True,5.5911309906080655,78.98000000000019,True,102,"(0, 0)"
273,0,0.23867605633802824,True,5.829521915059031,275.18999999999994,True,81,"(0, 0)"
274,0,0.23588732394366196,True,5.53864864075538,274.98999999999995,True,101,"(0, 0)"
275,0,0.2330985915492958,True,5.519332936552704,78.78000000000087,True,122,"(0, 0)"
276,0,0.23030985915492963,True,5.681359962180808,275.18999999999994,True,81,"(0, 0)"
277,0,0.22752112676056346,True,5.599345627397594,274.98999999999995,True,101,"(0, 0)"
278,0,0.22473239436619719,True,5.380042031043914,79.1800000000002,True,82,"(0, 0)"
279,0,0.22194366197183102,True,5.92184915527794,274.38999999999993,True,161,"(0, 0)"
280,0,0.21915492957746485,True,5.544842626437668,274.78999999999996,True,121,"(0, 0)"
281,0,0.21636619718309869,True,5.683520011972673,274.98999999999995,True,101,"(0, 0)"
282,0,0.2135774647887323,True,5.920496582984924,79.18000000000015,True,82,"(0, 0)"
283,0,0.21078873239436613,True,5.935788761271109,274.98999999999995,True,101,"(0, 0)"
284,0,0.20799999999999996,True,5.850444773097097,275.18999999999994,True,81,"(0, 0)"
285,0,0.2052112676056338,True,5.496877359871817,274.99,True,101,"(0, 0)"
286,0,0.20242253521126763,True,5.792750791454991,274.59,True,141,"(0, 0)"
287,0,0.19963380281690135,True,5.456444468828711,274.98999999999995,True,101,"(0, 0)"
288,0,0.19684507042253518,True,5.465576745845653,275.18999999999994,True,81,"(0, 0)"
289,0,0.19405633802816902,True,5.850689814414507,275.18999999999994,True,81,"(0, 0)"
290,0,0.19126760563380285,True,5.496772582148329,275.18999999999994,True,81,"(0, 0)"
291,0,0.18847887323943657,True,5.031903860009747,275.18999999999994,True,81,"(0, 0)"
292,0,0.1856901408450704,True,5.824067613866069,274.99,True,101,"(0, 0)"
293,0,0.18290140845070424,True,5.59430457577847,274.98999999999995,True,101,"(0, 0)"
294,0,0.18011267605633807,True,5.698623130350937,275.18999999999994,True,81,"(0, 0)"
295,0,0.1773239436619718,True,5.397523150031949,275.18999999999994,True,81,"(0, 0)"
296,0,0.17453521126760563,True,5.38244981508629,78.9800000000005,True,102,"(0, 0)"
297,0,0.17174647887323946,True,5.751359387862781,274.79,True,121,"(0, 0)"
298,0,0.1689577464788733,True,5.607043812304367,275.18999999999994,True,81,"(0, 0)"
299,0,0.16616901408450702,True,5.880153558872364,275.18999999999994,True,81,"(0, 0)"
300,0,0.16338028169014085,True,5.686615394764259,78.78000000000021,True,122,"(0, 0)"
301,0,0.16059154929577468,True,5.638713343308703,274.98999999999995,True,101,"(0, 0)"
302,0,0.15780281690140852,True,5.4242150312588535,275.18999999999994,True,81,"(0, 0)"
303,0,0.15501408450704224,True,5.647735692486904,274.99,True,101,"(0, 0)"
304,0,0.15222535211267607,True,5.64750545407519,275.18999999999994,True,81,"(0, 0)"
305,0,0.1494366197183099,True,5.622527324123147,275.18999999999994,True,81,"(0, 0)"
306,0,0.14664788732394374,True,5.475681769995042,275.18999999999994,True,81,"(0, 0)"
307,0,0.14385915492957746,True,5.482505704842362,78.98000000000022,True,102,"(0, 0)"
308,0,0.1410704225352113,True,5.216717803919757,275.18999999999994,True,81,"(0, 0)"
309,0,0.13828169014084513,True,5.2903245952394276,275.18999999999994,True,81,"(0, 0)"
310,0,0.13549295774647896,True,5.5461508418306895,275.18999999999994,True,81,"(0, 0)"
311,0,0.13270422535211268,True,5.333311609279963,275.18999999999994,True,81,"(0, 0)"
312,0,0.1299154929577464,True,5.271884108533953,274.99,True,101,"(0, 0)"
313,0,0.12712676056338024,True,5.325630090854786,275.18999999999994,True,81,"(0, 0)"
314,0,0.12433802816901407,True,5.338806055210255,275.18999999999994,True,81,"(0, 0)"
315,0,0.1215492957746479,True,5.3554511724733835,78.98000000000039,True,102,"(0, 0)"
316,0,0.11876056338028163,True,5.451579368408815,275.18999999999994,True,81,"(0, 0)"
317,0,0.11597183098591546,True,5.48751433396045,275.18999999999994,True,81,"(0, 0)"
318,0,0.11318309859154929,True,5.168448373822883,274.98999999999995,True,101,"(0, 0)"
319,0,0.11039436619718312,True,5.4694900064185115,274.99,True,101,"(0, 0)"
320,0,0.10760563380281685,True,5.386784372506319,275.18999999999994,True,81,"(0, 0)"
321,0,0.10481690140845068,True,5.339075718396976,275.18999999999994,True,81,"(0, 0)"
322,0,0.10202816901408451,True,5.13462601473302,275.18999999999994,True,81,"(0, 0)"
323,0,0.09923943661971835,True,5.267513986861352,274.98999999999995,True,101,"(0, 0)"
324,0,0.09645070422535207,True,5.2829075448306995,275.18999999999994,True,81,"(0, 0)"
325,0,0.0936619718309859,True,5.162024862972307,275.18999999999994,True,81,"(0, 0)"
326,0,0.09087323943661973,True,5.30009611283452,274.79,True,121,"(0, 0)"
327,0,0.08808450704225357,True,4.799757698435842,275.18999999999994,True,81,"(0, 0)"
328,0,0.08529577464788729,True,5.3541388747715715,274.98999999999995,True,101,"(0, 0)"
329,0,0.08250704225352112,True,5.232283565733168,275.18999999999994,True,81,"(0, 0)"
330,0,0.07971830985915496,True,5.0063753790325585,275.18999999999994,True,81,"(0, 0)"
331,0,0.07692957746478879,True,5.022082103623284,275.18999999999994,True,81,"(0, 0)"
332,0,0.07414084507042262,True,5.33876136497215,275.18999999999994,True,81,"(0, 0)"
333,0,0.07135211267605635,True,5.091029155545119,79.18000000000032,True,82,"(0, 0)"
334,0,0.06856338028169018,True,5.129213608341453,275.18999999999994,True,81,"(0, 0)"
335,0,0.06577464788732401,True,5.051095338515293,275.18999999999994,True,81,"(0, 0)"
336,0,0.06298591549295784,True,5.273533909409134,275.18999999999994,True,81,"(0, 0)"
337,0,0.06019718309859157,True,5.01139920729178,275.18999999999994,True,81,"(0, 0)"
338,0,0.0574084507042254,True,5.181722693973118,275.18999999999994,True,81,"(0, 0)"
339,0,0.05461971830985923,True,5.390527152720793,275.18999999999994,True,81,"(0, 0)"
340,0,0.051830985915493066,True,5.640322982529064,275.18999999999994,True,81,"(0, 0)"
341,0,0.04904225352112668,True,5.1584088719717345,274.99,True,101,"(0, 0)"
342,0,0.04625352112676051,True,5.287812324217808,275.18999999999994,True,81,"(0, 0)"
343,0,0.043464788732394344,True,5.119130808630107,275.18999999999994,True,81,"(0, 0)"
344,0,0.04067605633802818,True,4.915680885314941,275.18999999999994,True,81,"(0, 0)"
345,0,0.0378873239436619,True,5.028976672961388,275.18999999999994,True,81,"(0, 0)"
346,0,0.03509859154929573,True,5.513737952267682,275.18999999999994,True,81,"(0, 0)"
347,0,0.032309859154929566,True,5.119109642358474,275.18999999999994,True,81,"(0, 0)"
348,0,0.0295211267605634,True,5.262859257650964,275.18999999999994,True,81,"(0, 0)"
349,0,0.02673239436619712,True,5.327657920342904,275.18999999999994,True,81,"(0, 0)"
350,0,0.023943661971830954,True,5.049283801055536,79.18000000000032,True,82,"(0, 0)"
351,0,0.021154929577464787,True,5.114842379534686,275.18999999999994,True,81,"(0, 0)"
352,0,0.01836619718309862,True,4.986383517583211,275.18999999999994,True,81,"(0, 0)"
353,0,0.015577464788732343,True,5.049877776039971,275.18999999999994,True,81,"(0, 0)"
354,0,0.012788732394366176,True,5.2847334220085616,275.18999999999994,True,81,"(0, 0)"
355,0,0.010000000000000009,True,4.702410291742395,275.18999999999994,True,81,"(0, 0)"
356,0,0.01,True,4.885118471251594,275.18999999999994,True,81,"(0, 0)"
357,0,0.01,True,4.6214637152942615,275.18999999999994,True,81,"(0, 0)"
358,0,0.01,True,5.008508558626528,275.18999999999994,True,81,"(0, 0)"
359,0,0.01,True,4.9583710623376165,275.18999999999994,True,81,"(0, 0)"
360,0,0.01,True,5.21783437823305,274.99,True,101,"(0, 0)"
361,0,0.01,True,4.570850029403781,275.18999999999994,True,81,"(0, 0)"
362,0,0.01,True,5.245340120645217,275.18999999999994,True,81,"(0, 0)"
363,0,0.01,True,4.932393528797008,275.18999999999994,True,81,"(0, 0)"
364,0,0.01,True,4.7111568730554465,275.18999999999994,True,81,"(0, 0)"
365,0,0.01,True,4.603980067335529,275.18999999999994,True,81,"(0, 0)"
366,0,0.01,True,5.188382025118227,275.18999999999994,True,81,"(0, 0)"
367,0,0.01,True,4.893087413575914,275.18999999999994,True,81,"(0, 0)"
368,0,0.01,True,5.011840386155211,275.18999999999994,True,81,"(0, 0)"
369,0,0.01,True,5.059700034282826,275.18999999999994,True,81,"(0, 0)"
370,0,0.01,True,4.838150286380156,275.18999999999994,True,81,"(0, 0)"
371,0,0.01,True,4.722586397771482,275.18999999999994,True,81,"(0, 0)"
372,0,0.01,True,5.092913436300961,275.18999999999994,True,81,"(0, 0)"
373,0,0.01,True,4.842370676405636,275.18999999999994,True,81,"(0, 0)"
374,0,0.01,True,5.102493995501671,275.18999999999994,True,81,"(0, 0)"
375,0,0.01,True,4.691869751906689,275.18999999999994,True,81,"(0, 0)"
376,0,0.01,True,4.949356561825599,275.18999999999994,True,81,"(0, 0)"
377,0,0.01,True,4.8312075726779895,275.18999999999994,True,81,"(0, 0)"
378,0,0.01,True,4.879770621214763,274.98999999999995,True,101,"(0, 0)"
379,0,0.01,True,4.8131062734274215,275.18999999999994,True,81,"(0, 0)"
380,0,0.01,True,4.724784792205433,275.18999999999994,True,81,"(0, 0)"
381,0,0.01,True,5.053092880421374,-116.82999999999947,True,83,"(0, 0)"
382,0,0.01,True,4.778459368032568,-508.84999999999945,True,85,"(0, 0)"
383,0,0.01,True,4.743651315017983,275.18999999999994,True,81,"(0, 0)"
384,0,0.01,True,4.634291172027588,-704.8599999999994,True,86,"(0, 0)"
385,0,0.01,True,4.8674116326474595,-900.8699999999994,True,87,"(0, 0)"
386,0,0.01,True,5.059352063989064,-116.82999999999947,True,83,"(0, 0)"
387,0,0.01,True,4.752894778812633,-508.84999999999945,True,85,"(0, 0)"
388,0,0.01,True,4.972781492682064,-508.84999999999945,True,85,"(0, 0)"
389,0,0.01,True,5.10941160252664,-2077.1300000000165,True,113,"(0, 0)"
390,0,0.01,True,5.10620409853003,-1292.8899999999994,True,89,"(0, 0)"
391,0,0.01,True,5.16212522983551,-704.8599999999994,True,86,"(0, 0)"
392,0,0.01,True,5.305605137789691,275.18999999999994,True,81,"(0, 0)"
393,0,0.01,True,5.239724603700049,275.18999999999994,True,81,"(0, 0)"
394,0,0.01,True,5.08007941569811,275.18999999999994,True,81,"(0, 0)"
395,0,0.01,True,5.064673928566921,275.18999999999994,True,81,"(0, 0)"
396,0,0.01,True,5.196035454302658,275.18999999999994,True,81,"(0, 0)"
397,0,0.01,True,5.121658383445307,-1096.8799999999994,True,88,"(0, 0)"
398,0,0.01,True,5.390044780425083,275.18999999999994,True,81,"(0, 0)"
399,0,0.01,True,5.362459279872753,275.18999999999994,True,81,"(0, 0)"
