episode,starting_total_steps,starting_epsilon,is_win,avg_loss,reward,win,steps,composition_size
0,0,1.0,False,0.0,-807.239999999999,False,124,"(0, 0)"
1,0,0.9988851351351351,True,0.0,-109.23999999999917,True,124,"(0, 0)"
2,0,0.9977702702702703,True,6.236736176618889,-360.6699999999995,True,67,"(0, 0)"
3,0,0.9966554054054054,False,7.707846326212729,-467.239999999999,False,124,"(0, 0)"
4,0,0.9955405405405405,True,7.495069858639739,-276.8599999999996,True,86,"(0, 0)"
5,0,0.9944256756756756,False,6.077092843670999,-1212.239999999999,False,124,"(0, 0)"
6,0,0.9933108108108109,False,4.437438645670491,-827.2399999999991,False,124,"(0, 0)"
7,0,0.992195945945946,False,4.291975602026908,-2187.24,False,124,"(0, 0)"
8,0,0.9910810810810811,False,4.5027330075540855,-252.23999999999933,False,124,"(0, 0)"
9,0,0.9899662162162162,True,4.335723990485782,-24.630000000000123,True,63,"(0, 0)"
10,0,0.9888513513513514,False,4.073663530811187,-617.2399999999991,False,124,"(0, 0)"
11,0,0.9877364864864865,False,4.080612001880523,-892.239999999999,False,124,"(0, 0)"
12,0,0.9866216216216216,True,4.038255606928179,59.38,True,62,"(0, 0)"
13,0,0.9855067567567568,False,3.7545994635551208,-317.239999999999,False,124,"(0, 0)"
14,0,0.9843918918918919,False,3.7636310890797646,-1402.239999999999,False,124,"(0, 0)"
15,0,0.983277027027027,False,4.488077798197346,-997.2399999999991,False,124,"(0, 0)"
16,0,0.9821621621621621,True,4.260587043590374,-697.1099999999994,True,111,"(0, 0)"
17,0,0.9810472972972973,False,4.1066449784463455,-317.239999999999,False,124,"(0, 0)"
18,0,0.9799324324324324,True,4.3148422490982785,-193.0499999999994,True,105,"(0, 0)"
19,0,0.9788175675675675,False,4.420580512092959,-552.2399999999991,False,124,"(0, 0)"
20,0,0.9777027027027027,False,4.298484240808794,-977.239999999999,False,124,"(0, 0)"
21,0,0.9765878378378379,True,4.1500659102485296,-24.629999999999953,True,63,"(0, 0)"
22,0,0.975472972972973,True,4.096626912393877,-109.23999999999957,True,124,"(0, 0)"
23,0,0.9743581081081081,False,3.8400142433181887,-382.2399999999992,False,124,"(0, 0)"
24,0,0.9732432432432433,False,3.560662385917479,-892.239999999999,False,124,"(0, 0)"
25,0,0.9721283783783784,False,3.5237361673385865,-362.23999999999927,False,124,"(0, 0)"
26,0,0.9710135135135135,False,3.5500736996050803,-487.2399999999991,False,124,"(0, 0)"
27,0,0.9698986486486486,False,3.551325752850502,-487.23999999999927,False,124,"(0, 0)"
28,0,0.9687837837837838,True,3.3889963549596294,-445.07999999999913,True,108,"(0, 0)"
29,0,0.9676689189189189,False,3.1733047981416025,-402.2399999999993,False,124,"(0, 0)"
30,0,0.966554054054054,False,3.2979396956582225,-402.2399999999991,False,124,"(0, 0)"
31,0,0.9654391891891891,False,3.117454845097757,-872.239999999999,False,124,"(0, 0)"
32,0,0.9643243243243244,False,3.1310440119235747,-532.239999999999,False,124,"(0, 0)"
33,0,0.9632094594594595,False,3.354097459585436,-1062.239999999999,False,124,"(0, 0)"
34,0,0.9620945945945946,False,3.2425853763857195,-467.239999999999,False,124,"(0, 0)"
35,0,0.9609797297297298,True,3.1746852417146005,59.38000000000004,True,62,"(0, 0)"
36,0,0.9598648648648649,True,3.2391011453256375,-25.22999999999982,True,123,"(0, 0)"
37,0,0.95875,False,3.448630689613281,-637.239999999999,False,124,"(0, 0)"
38,0,0.9576351351351351,False,3.300672260984298,-467.239999999999,False,124,"(0, 0)"
39,0,0.9565202702702703,False,3.169399728698115,-232.2399999999996,False,124,"(0, 0)"
40,0,0.9554054054054054,False,3.0886571801477865,-467.239999999999,False,124,"(0, 0)"
41,0,0.9542905405405405,True,3.2903175396077775,-192.84999999999957,True,85,"(0, 0)"
42,0,0.9531756756756756,False,3.192017844607753,-147.24000000000024,False,124,"(0, 0)"
43,0,0.9520608108108108,True,3.1901146952922526,-109.03999999999924,True,104,"(0, 0)"
44,0,0.950945945945946,True,3.1935997169751387,-109.03999999999941,True,104,"(0, 0)"
45,0,0.949831081081081,False,3.077767683613685,-637.2399999999992,False,124,"(0, 0)"
46,0,0.9487162162162163,False,3.2033891850902187,-277.2399999999991,False,124,"(0, 0)"
47,0,0.9476013513513514,False,2.9619479467791896,-742.2399999999991,False,124,"(0, 0)"
48,0,0.9464864864864865,False,3.046559004052993,-297.239999999999,False,124,"(0, 0)"
49,0,0.9453716216216216,False,3.0419444912864315,-1232.239999999999,False,124,"(0, 0)"
50,0,0.9442567567567568,True,2.9140687342043274,-445.0799999999995,True,108,"(0, 0)"
51,0,0.9431418918918919,False,2.8607531132236605,-532.239999999999,False,124,"(0, 0)"
52,0,0.942027027027027,False,2.9175995636370873,-997.239999999999,False,124,"(0, 0)"
53,0,0.9409121621621621,False,2.905163199670853,-252.2399999999992,False,124,"(0, 0)"
54,0,0.9397972972972973,False,2.685393551664968,-212.239999999999,False,124,"(0, 0)"
55,0,0.9386824324324324,False,2.6017923383943495,-337.23999999999967,False,124,"(0, 0)"
56,0,0.9375675675675675,True,2.581679859469014,-109.23999999999911,True,124,"(0, 0)"
57,0,0.9364527027027028,False,2.535578875291732,-827.239999999999,False,124,"(0, 0)"
58,0,0.9353378378378379,False,2.540160147413131,-1167.239999999999,False,124,"(0, 0)"
59,0,0.934222972972973,True,2.6569633074104786,-108.63999999999955,True,64,"(0, 0)"
60,0,0.9331081081081081,False,2.4023262800708896,-1592.2399999999993,False,124,"(0, 0)"
61,0,0.9319932432432433,True,2.3643430485782853,-24.82999999999977,True,83,"(0, 0)"
62,0,0.9308783783783784,False,2.2986488693183467,-997.2399999999992,False,124,"(0, 0)"
63,0,0.9297635135135135,False,2.0524354980837916,-552.2399999999993,False,124,"(0, 0)"
64,0,0.9286486486486487,False,2.063614614067539,-977.2399999999997,False,124,"(0, 0)"
65,0,0.9275337837837838,False,1.9950287274775966,-382.239999999999,False,124,"(0, 0)"
66,0,0.9264189189189189,True,1.8965804809704423,-108.63999999999955,True,64,"(0, 0)"
67,0,0.925304054054054,True,1.9537945484573191,-444.8799999999993,True,88,"(0, 0)"
68,0,0.9241891891891892,False,1.921392046155468,-807.2399999999992,False,124,"(0, 0)"
69,0,0.9230743243243243,False,1.835068648380618,-232.239999999999,False,124,"(0, 0)"
70,0,0.9219594594594595,False,1.8200286189394612,-892.2399999999993,False,124,"(0, 0)"
71,0,0.9208445945945946,False,1.733292103775086,-297.2399999999994,False,124,"(0, 0)"
72,0,0.9197297297297298,True,1.7497500234073209,-109.23999999999917,True,124,"(0, 0)"
73,0,0.9186148648648649,True,1.6309847755487574,-276.85999999999945,True,86,"(0, 0)"
74,0,0.9175,False,1.585514779292768,-147.23999999999933,False,124,"(0, 0)"
75,0,0.9163851351351351,False,1.5695282816886902,-467.23999999999904,False,124,"(0, 0)"
76,0,0.9152702702702703,False,1.547892771180599,-657.2399999999997,False,124,"(0, 0)"
77,0,0.9141554054054054,False,1.5319212103082287,-232.23999999999927,False,124,"(0, 0)"
78,0,0.9130405405405405,False,1.4399334389355876,-657.239999999999,False,124,"(0, 0)"
79,0,0.9119256756756757,False,1.5308291364100672,-382.239999999999,False,124,"(0, 0)"
80,0,0.9108108108108108,False,1.412643273030558,-702.2399999999993,False,124,"(0, 0)"
81,0,0.9096959459459459,False,1.5333622989635314,-232.23999999999944,False,124,"(0, 0)"
82,0,0.908581081081081,False,1.4011021004088464,-362.239999999999,False,124,"(0, 0)"
83,0,0.9074662162162163,True,1.3384262244591767,-360.8699999999993,True,87,"(0, 0)"
84,0,0.9063513513513514,False,1.3353363246686998,-1062.2399999999993,False,124,"(0, 0)"
85,0,0.9052364864864865,True,1.3297262165857398,-528.6899999999995,True,69,"(0, 0)"
86,0,0.9041216216216217,True,1.2884706826880574,-108.63999999999966,True,64,"(0, 0)"
87,0,0.9030067567567568,False,1.3852630453484673,-382.23999999999967,False,124,"(0, 0)"
88,0,0.9018918918918919,False,1.3408438892614456,-807.2399999999992,False,124,"(0, 0)"
89,0,0.900777027027027,True,1.2917891926523568,-528.6899999999996,True,69,"(0, 0)"
90,0,0.8996621621621621,True,1.2814037222415209,-781.1199999999994,True,112,"(0, 0)"
91,0,0.8985472972972973,True,1.289952528274175,-25.030000000000186,True,103,"(0, 0)"
92,0,0.8974324324324324,True,1.3254055538429663,-109.03999999999935,True,104,"(0, 0)"
93,0,0.8963175675675675,False,1.282973880248685,-722.239999999999,False,124,"(0, 0)"
94,0,0.8952027027027027,True,1.247672410474883,-24.629999999999953,True,63,"(0, 0)"
95,0,0.8940878378378379,True,1.3000027068504474,59.17999999999999,True,82,"(0, 0)"
96,0,0.892972972972973,True,1.2034845763728732,-193.04999999999956,True,105,"(0, 0)"
97,0,0.8918581081081081,False,1.2399944840900359,-637.2399999999992,False,124,"(0, 0)"
98,0,0.8907432432432433,True,1.2891830670279125,-276.85999999999945,True,86,"(0, 0)"
99,0,0.8896283783783784,False,1.191693723442093,-317.239999999999,False,124,"(0, 0)"
100,0,0.8885135135135135,False,1.218049414696232,-337.24,False,124,"(0, 0)"
101,0,0.8873986486486487,False,1.1494865725117345,-1167.2399999999993,False,124,"(0, 0)"
102,0,0.8862837837837838,False,1.087642390641474,-337.2399999999996,False,124,"(0, 0)"
103,0,0.8851689189189189,False,1.1315578356865914,-232.23999999999955,False,124,"(0, 0)"
104,0,0.884054054054054,False,1.0525959542682093,-212.2399999999991,False,124,"(0, 0)"
105,0,0.8829391891891892,True,1.1009397396156866,59.380000000000024,True,62,"(0, 0)"
106,0,0.8818243243243243,False,1.1087810005391798,-212.23999999999904,False,124,"(0, 0)"
107,0,0.8807094594594594,True,1.122143431536613,59.37999999999998,True,62,"(0, 0)"
108,0,0.8795945945945945,False,1.2101524662106269,-807.239999999999,False,124,"(0, 0)"
109,0,0.8784797297297298,False,1.2999722940787193,-147.24,False,124,"(0, 0)"
110,0,0.8773648648648649,True,1.2153193950653076,-361.06999999999914,True,107,"(0, 0)"
111,0,0.87625,False,1.080406576274864,-362.23999999999904,False,124,"(0, 0)"
112,0,0.8751351351351352,True,0.9963203690670155,143.19000000000003,True,81,"(0, 0)"
113,0,0.8740202702702703,True,1.1049014962301023,59.17999999999988,True,82,"(0, 0)"
114,0,0.8729054054054054,False,1.0189028677921141,-42.23999999999987,False,124,"(0, 0)"
115,0,0.8717905405405405,True,1.054862972486902,143.19000000000005,True,81,"(0, 0)"
116,0,0.8706756756756757,False,1.0355437247142676,-827.239999999999,False,124,"(0, 0)"
117,0,0.8695608108108108,True,1.0174340213013586,-361.06999999999914,True,107,"(0, 0)"
118,0,0.8684459459459459,True,0.9456886560003334,-361.06999999999914,True,107,"(0, 0)"
119,0,0.867331081081081,True,1.062689479381319,-24.629999999999896,True,63,"(0, 0)"
120,0,0.8662162162162163,True,1.036549813805088,59.380000000000024,True,62,"(0, 0)"
121,0,0.8651013513513514,True,1.0528316063419827,-277.05999999999915,True,106,"(0, 0)"
122,0,0.8639864864864865,False,1.0168334257698828,-362.23999999999916,False,124,"(0, 0)"
123,0,0.8628716216216217,False,1.042298200690458,-277.239999999999,False,124,"(0, 0)"
124,0,0.8617567567567568,False,1.0093188220935483,-722.239999999999,False,124,"(0, 0)"
125,0,0.8606418918918919,False,1.017981652771273,-232.23999999999927,False,124,"(0, 0)"
126,0,0.859527027027027,True,0.9959295376122577,-25.029999999999703,True,103,"(0, 0)"
127,0,0.8584121621621621,False,0.983001948123978,-532.2399999999993,False,124,"(0, 0)"
128,0,0.8572972972972973,False,0.9561572360896295,-552.239999999999,False,124,"(0, 0)"
129,0,0.8561824324324324,True,1.0529831610620022,-109.03999999999958,True,104,"(0, 0)"
130,0,0.8550675675675676,False,1.0321564329487662,-722.239999999999,False,124,"(0, 0)"
131,0,0.8539527027027027,True,0.9901603345411369,-24.829999999999714,True,83,"(0, 0)"
132,0,0.8528378378378378,True,1.076191335672238,143.39000000000004,True,61,"(0, 0)"
133,0,0.851722972972973,True,0.9844953076353351,-25.030000000000015,True,103,"(0, 0)"
134,0,0.850608108108108,True,1.0595518759218976,-108.63999999999972,True,64,"(0, 0)"
135,0,0.8494932432432433,False,1.020652346553341,-637.2399999999992,False,124,"(0, 0)"
136,0,0.8483783783783784,False,1.013812258959778,-657.239999999999,False,124,"(0, 0)"
137,0,0.8472635135135135,True,0.9964081451117274,-24.82999999999963,True,83,"(0, 0)"
138,0,0.8461486486486487,False,1.0607764683663845,-892.239999999999,False,124,"(0, 0)"
139,0,0.8450337837837838,True,1.0424678563708212,59.180000000000035,True,82,"(0, 0)"
140,0,0.8439189189189189,True,0.9936070798373804,-25.229999999999592,True,123,"(0, 0)"
141,0,0.842804054054054,True,0.9648886549185558,-24.830000000000112,True,83,"(0, 0)"
142,0,0.8416891891891892,True,0.9723871591156477,-864.7299999999994,True,73,"(0, 0)"
143,0,0.8405743243243243,True,0.9540209190203593,-192.64999999999952,True,65,"(0, 0)"
144,0,0.8394594594594594,True,0.9640448117672011,-276.85999999999933,True,86,"(0, 0)"
145,0,0.8383445945945946,True,1.0105646241728852,59.18000000000002,True,82,"(0, 0)"
146,0,0.8372297297297298,False,1.0081323226613383,-637.2399999999992,False,124,"(0, 0)"
147,0,0.8361148648648649,False,0.9012656057433736,-277.239999999999,False,124,"(0, 0)"
148,0,0.835,False,0.9657454294783454,-337.2399999999991,False,124,"(0, 0)"
149,0,0.8338851351351351,False,0.9861214165125163,-147.23999999999936,False,124,"(0, 0)"
150,0,0.8327702702702703,False,0.9285310518837744,-147.23999999999936,False,124,"(0, 0)"
151,0,0.8316554054054054,True,0.9112936743918587,-192.84999999999934,True,85,"(0, 0)"
152,0,0.8305405405405406,True,0.9888236974092091,58.98000000000002,True,102,"(0, 0)"
153,0,0.8294256756756757,True,0.9951492913189481,58.78000000000006,True,122,"(0, 0)"
154,0,0.8283108108108108,False,0.9407062228288381,-447.239999999999,False,124,"(0, 0)"
155,0,0.8271959459459459,False,0.9263556650088679,-297.2399999999991,False,124,"(0, 0)"
156,0,0.826081081081081,True,0.9441188237652546,59.180000000000035,True,82,"(0, 0)"
157,0,0.8249662162162162,True,0.9351859188010526,-276.85999999999933,True,86,"(0, 0)"
158,0,0.8238513513513513,False,0.9739181156600675,-147.23999999999924,False,124,"(0, 0)"
159,0,0.8227364864864865,True,0.9742132350802422,-109.23999999999911,True,124,"(0, 0)"
160,0,0.8216216216216217,True,0.9203437167357226,58.78000000000006,True,122,"(0, 0)"
161,0,0.8205067567567568,False,0.8856215022744671,-382.239999999999,False,124,"(0, 0)"
162,0,0.8193918918918919,True,0.8803908511828841,-528.8899999999993,True,89,"(0, 0)"
163,0,0.818277027027027,False,0.9344203686041217,-277.23999999999916,False,124,"(0, 0)"
164,0,0.8171621621621622,True,1.0193879267231363,143.39000000000004,True,61,"(0, 0)"
165,0,0.8160472972972973,True,0.9999029631726444,-108.63999999999955,True,64,"(0, 0)"
166,0,0.8149324324324324,True,1.0257655732215396,-24.629999999999953,True,63,"(0, 0)"
167,0,0.8138175675675676,True,0.9135577051445495,-276.85999999999945,True,86,"(0, 0)"
168,0,0.8127027027027027,True,0.9414525236710009,-24.830000000000027,True,83,"(0, 0)"
169,0,0.8115878378378378,False,0.9638978276521929,-702.2399999999991,False,124,"(0, 0)"
170,0,0.8104729729729729,False,0.900040153774523,-382.2399999999992,False,124,"(0, 0)"
171,0,0.809358108108108,True,0.8792651630029445,59.17999999999995,True,82,"(0, 0)"
172,0,0.8082432432432433,True,0.8798234640458308,-529.0899999999991,True,109,"(0, 0)"
173,0,0.8071283783783784,True,0.8869204537816417,-25.030000000000015,True,103,"(0, 0)"
174,0,0.8060135135135136,False,0.8605211220321155,-147.2399999999991,False,124,"(0, 0)"
175,0,0.8048986486486487,False,0.8837360857475188,-317.23999999999916,False,124,"(0, 0)"
176,0,0.8037837837837838,True,0.7535092769161104,-24.629999999999953,True,63,"(0, 0)"
177,0,0.8026689189189189,False,0.9161550201956303,-127.23999999999948,False,124,"(0, 0)"
178,0,0.801554054054054,False,0.8248806391512195,-147.23999999999936,False,124,"(0, 0)"
179,0,0.8004391891891892,False,0.8629790936266223,-657.2399999999992,False,124,"(0, 0)"
180,0,0.7993243243243243,True,0.8319468230009079,-193.04999999999927,True,105,"(0, 0)"
181,0,0.7982094594594594,False,0.7517438029810306,-317.2399999999995,False,124,"(0, 0)"
182,0,0.7970945945945946,False,0.8297005295152625,-212.2399999999996,False,124,"(0, 0)"
183,0,0.7959797297297297,False,0.8250870709457705,-127.23999999999977,False,124,"(0, 0)"
184,0,0.7948648648648649,False,0.7441254833472832,-722.239999999999,False,124,"(0, 0)"
185,0,0.79375,True,0.7284249529715568,-24.630000000000024,True,63,"(0, 0)"
186,0,0.7926351351351352,False,0.7076618472234376,-127.23999999999943,False,124,"(0, 0)"
187,0,0.7915202702702703,True,0.7012521584382218,-528.8899999999993,True,89,"(0, 0)"
188,0,0.7904054054054054,False,0.6845876153318151,-402.239999999999,False,124,"(0, 0)"
189,0,0.7892905405405406,True,0.689898999981009,-109.03999999999918,True,104,"(0, 0)"
190,0,0.7881756756756757,True,0.6293901942740634,-277.05999999999915,True,106,"(0, 0)"
191,0,0.7870608108108108,False,0.7037807680786617,-787.239999999999,False,124,"(0, 0)"
192,0,0.7859459459459459,False,0.6391577733260009,-297.2399999999991,False,124,"(0, 0)"
193,0,0.784831081081081,True,0.5970886991126463,-108.63999999999955,True,64,"(0, 0)"
194,0,0.7837162162162162,False,0.7149786739610136,-637.239999999999,False,124,"(0, 0)"
195,0,0.7826013513513513,True,0.6585206362137268,-276.85999999999933,True,86,"(0, 0)"
196,0,0.7814864864864866,True,0.6889332695642397,-108.83999999999936,True,84,"(0, 0)"
197,0,0.7803716216216217,True,0.7125536660801192,143.39000000000004,True,61,"(0, 0)"
198,0,0.7792567567567568,False,0.6535007888751645,-552.2399999999991,False,124,"(0, 0)"
199,0,0.7781418918918919,True,0.6425110555633351,143.19000000000003,True,81,"(0, 0)"
200,0,0.777027027027027,True,0.6877188031759226,-276.6599999999995,True,66,"(0, 0)"
201,0,0.7759121621621622,False,0.6716029510623024,-1507.239999999999,False,124,"(0, 0)"
202,0,0.7747972972972973,False,0.6521034272567879,-722.239999999999,False,124,"(0, 0)"
203,0,0.7736824324324324,True,0.6607301950599384,-25.029999999999944,True,103,"(0, 0)"
204,0,0.7725675675675676,False,0.6063690693868745,-572.239999999999,False,124,"(0, 0)"
205,0,0.7714527027027027,False,0.6146287481871343,-167.2399999999993,False,124,"(0, 0)"
206,0,0.7703378378378378,True,0.5785728647578053,59.18,True,82,"(0, 0)"
207,0,0.7692229729729729,True,0.5981592680177381,59.38,True,62,"(0, 0)"
208,0,0.7681081081081081,True,0.5622534762010162,143.19000000000005,True,81,"(0, 0)"
209,0,0.7669932432432433,True,0.5390107417364179,143.19000000000003,True,81,"(0, 0)"
210,0,0.7658783783783784,True,0.6285360991023481,-108.63999999999966,True,64,"(0, 0)"
211,0,0.7647635135135136,True,0.5778364455327392,-108.63999999999955,True,64,"(0, 0)"
212,0,0.7636486486486487,True,0.5699367576744407,-108.63999999999966,True,64,"(0, 0)"
213,0,0.7625337837837838,True,0.5164337715222722,-24.630000000000052,True,63,"(0, 0)"
214,0,0.7614189189189189,True,0.5342041802021765,59.38,True,62,"(0, 0)"
215,0,0.760304054054054,True,0.5021947836612954,-192.84999999999945,True,85,"(0, 0)"
216,0,0.7591891891891892,False,0.4998034165511208,-637.2399999999992,False,124,"(0, 0)"
217,0,0.7580743243243243,True,0.5314621101191015,143.19000000000003,True,81,"(0, 0)"
218,0,0.7569594594594595,False,0.5031081171285722,-572.239999999999,False,124,"(0, 0)"
219,0,0.7558445945945946,True,0.47041914451356026,58.98000000000002,True,102,"(0, 0)"
220,0,0.7547297297297297,True,0.4933260956475901,-276.85999999999933,True,86,"(0, 0)"
221,0,0.7536148648648648,False,0.4772618284539109,-232.2399999999992,False,124,"(0, 0)"
222,0,0.7525,True,0.47915146664644664,-109.03999999999947,True,104,"(0, 0)"
223,0,0.7513851351351352,True,0.4969651283553013,-109.0399999999993,True,104,"(0, 0)"
224,0,0.7502702702702703,True,0.49739948903711945,-109.0399999999993,True,104,"(0, 0)"
225,0,0.7491554054054054,True,0.4585728723196739,-24.82999999999963,True,83,"(0, 0)"
226,0,0.7480405405405406,False,0.4813873166098229,-657.2399999999996,False,124,"(0, 0)"
227,0,0.7469256756756757,True,0.5165375981393249,-276.8599999999994,True,86,"(0, 0)"
228,0,0.7458108108108108,True,0.5664213247364387,-108.6399999999996,True,64,"(0, 0)"
229,0,0.7446959459459459,True,0.433433398604393,143.39000000000004,True,61,"(0, 0)"
230,0,0.743581081081081,True,0.531059652424994,-193.04999999999956,True,105,"(0, 0)"
231,0,0.7424662162162162,False,0.4987409717793907,-147.2399999999995,False,124,"(0, 0)"
232,0,0.7413513513513514,True,0.48695572709939516,143.39000000000004,True,61,"(0, 0)"
233,0,0.7402364864864865,True,0.5285916445510728,-193.04999999999944,True,105,"(0, 0)"
234,0,0.7391216216216216,True,0.4962248752222342,-192.84999999999968,True,85,"(0, 0)"
235,0,0.7380067567567568,True,0.4861081975583847,-192.64999999999952,True,65,"(0, 0)"
236,0,0.7368918918918919,True,0.462879121520145,-276.85999999999933,True,86,"(0, 0)"
237,0,0.735777027027027,True,0.49286894442943424,-109.0399999999993,True,104,"(0, 0)"
238,0,0.7346621621621622,True,0.476519261336615,59.379999999999995,True,62,"(0, 0)"
239,0,0.7335472972972973,False,0.49049613037477097,-337.23999999999927,False,124,"(0, 0)"
240,0,0.7324324324324325,True,0.4491370141685727,-24.829999999999885,True,83,"(0, 0)"
241,0,0.7313175675675676,False,0.5132326612008675,-62.23999999999998,False,124,"(0, 0)"
242,0,0.7302027027027027,False,0.4674854522210456,-637.2399999999994,False,124,"(0, 0)"
243,0,0.7290878378378378,False,0.4442648379162194,-382.2399999999992,False,124,"(0, 0)"
244,0,0.7279729729729729,True,0.45752645608398224,59.37999999999998,True,62,"(0, 0)"
245,0,0.726858108108108,True,0.5182319687446579,-108.63999999999969,True,64,"(0, 0)"
246,0,0.7257432432432432,True,0.4291311397110341,143.39000000000004,True,61,"(0, 0)"
247,0,0.7246283783783785,True,0.4016298075370929,58.9800000000001,True,102,"(0, 0)"
248,0,0.7235135135135136,False,0.44053932627843273,-382.239999999999,False,124,"(0, 0)"
249,0,0.7223986486486487,True,0.4418064357582913,-276.8599999999994,True,86,"(0, 0)"
250,0,0.7212837837837838,True,0.46449458052314097,59.37999999999998,True,62,"(0, 0)"
251,0,0.7201689189189189,False,0.43927013426418265,-362.23999999999927,False,124,"(0, 0)"
252,0,0.7190540540540541,False,0.49179852633706983,-42.24000000000004,False,124,"(0, 0)"
253,0,0.7179391891891892,False,0.4207299663234622,-317.23999999999967,False,124,"(0, 0)"
254,0,0.7168243243243243,True,0.4053133948270334,-529.0899999999993,True,109,"(0, 0)"
255,0,0.7157094594594595,False,0.4287390294785221,-147.23999999999938,False,124,"(0, 0)"
256,0,0.7145945945945946,True,0.44384664756435793,-25.029999999999845,True,103,"(0, 0)"
257,0,0.7134797297297297,False,0.5192894440805239,22.76000000000001,False,124,"(0, 0)"
258,0,0.7123648648648648,False,0.4209068180963157,-277.23999999999927,False,124,"(0, 0)"
259,0,0.7112499999999999,False,0.47583571767374394,-297.2399999999996,False,124,"(0, 0)"
260,0,0.7101351351351352,False,0.4648261406729298,-147.23999999999958,False,124,"(0, 0)"
261,0,0.7090202702702703,True,0.49552040321775426,143.19000000000003,True,81,"(0, 0)"
262,0,0.7079054054054055,True,0.4872460199658536,142.79,True,121,"(0, 0)"
263,0,0.7067905405405406,False,0.48794207571735304,-147.2399999999991,False,124,"(0, 0)"
264,0,0.7056756756756757,False,0.4906870306379372,-317.2399999999991,False,124,"(0, 0)"
265,0,0.7045608108108108,True,0.49602690242951913,59.37999999999998,True,62,"(0, 0)"
266,0,0.7034459459459459,True,0.546447075598064,143.39000000000004,True,61,"(0, 0)"
267,0,0.7023310810810811,True,0.5079674717584034,59.179999999999986,True,82,"(0, 0)"
268,0,0.7012162162162162,True,0.4789287640172758,143.19,True,81,"(0, 0)"
269,0,0.7001013513513513,True,0.4883874939611325,-192.64999999999964,True,65,"(0, 0)"
270,0,0.6989864864864865,True,0.4873135413021542,-276.85999999999933,True,86,"(0, 0)"
271,0,0.6978716216216216,True,0.4317626634337863,143.39000000000004,True,61,"(0, 0)"
272,0,0.6967567567567567,True,0.5241439231331386,-24.62999999999998,True,63,"(0, 0)"
273,0,0.6956418918918919,False,0.4432584054377531,-297.2399999999991,False,124,"(0, 0)"
274,0,0.694527027027027,False,0.48915564007456264,-447.239999999999,False,124,"(0, 0)"
275,0,0.6934121621621622,False,0.49815315633050855,-232.23999999999972,False,124,"(0, 0)"
276,0,0.6922972972972974,False,0.46218967122296173,-277.23999999999944,False,124,"(0, 0)"
277,0,0.6911824324324325,False,0.47231855566403075,-467.239999999999,False,124,"(0, 0)"
278,0,0.6900675675675676,True,0.5063946174368972,-108.83999999999993,True,84,"(0, 0)"
279,0,0.6889527027027027,True,0.4747100717342291,143.39000000000004,True,61,"(0, 0)"
280,0,0.6878378378378378,True,0.5115288670010426,-192.8499999999995,True,85,"(0, 0)"
281,0,0.6867229729729729,False,0.4579313490539789,-42.23999999999997,False,124,"(0, 0)"
282,0,0.6856081081081081,True,0.45610594507082397,-24.830000000000055,True,83,"(0, 0)"
283,0,0.6844932432432432,True,0.4752905066830642,-276.6599999999995,True,66,"(0, 0)"
284,0,0.6833783783783784,True,0.5030475843232125,-108.63999999999977,True,64,"(0, 0)"
285,0,0.6822635135135136,True,0.5015865614471154,-25.229999999999848,True,123,"(0, 0)"
286,0,0.6811486486486487,True,0.45030560289941185,59.180000000000064,True,82,"(0, 0)"
287,0,0.6800337837837838,True,0.44666555319435713,59.17999999999988,True,82,"(0, 0)"
288,0,0.6789189189189189,True,0.4711790994613194,58.98000000000003,True,102,"(0, 0)"
289,0,0.677804054054054,True,0.4812291961791645,-24.829999999999913,True,83,"(0, 0)"
290,0,0.6766891891891892,True,0.47073103154406826,-192.84999999999968,True,85,"(0, 0)"
291,0,0.6755743243243244,True,0.45953938347520307,-108.63999999999955,True,64,"(0, 0)"
292,0,0.6744594594594595,True,0.4700400404596947,-277.0599999999993,True,106,"(0, 0)"
293,0,0.6733445945945946,True,0.439186907476849,-24.62999999999998,True,63,"(0, 0)"
294,0,0.6722297297297297,True,0.4779435079179558,58.97999999999998,True,102,"(0, 0)"
295,0,0.6711148648648648,True,0.47444660466436933,59.18000000000002,True,82,"(0, 0)"
296,0,0.67,True,0.43172216397665797,-24.630000000000067,True,63,"(0, 0)"
297,0,0.668885135135135,True,0.47186180240204256,59.37999999999998,True,62,"(0, 0)"
298,0,0.6677702702702702,True,0.4878564684111024,59.37999999999998,True,62,"(0, 0)"
299,0,0.6666554054054055,True,0.49438934283511293,59.37999999999998,True,62,"(0, 0)"
300,0,0.6655405405405406,True,0.43594467797415043,-25.230000000000018,True,123,"(0, 0)"
301,0,0.6644256756756757,True,0.47441106684869383,59.18000000000001,True,82,"(0, 0)"
302,0,0.6633108108108108,True,0.47593898148360575,-276.65999999999974,True,66,"(0, 0)"
303,0,0.6621959459459459,True,0.46538856191957584,143.39000000000004,True,61,"(0, 0)"
304,0,0.6610810810810811,True,0.42908487644393084,-276.8599999999994,True,86,"(0, 0)"
305,0,0.6599662162162162,False,0.4384836130324871,-382.23999999999944,False,124,"(0, 0)"
306,0,0.6588513513513514,True,0.43333523227803167,59.380000000000024,True,62,"(0, 0)"
307,0,0.6577364864864865,True,0.46373662137914273,-193.0499999999999,True,105,"(0, 0)"
308,0,0.6566216216216216,True,0.47775596357656247,-276.6599999999995,True,66,"(0, 0)"
309,0,0.6555067567567567,True,0.4940764683757036,-24.62999999999981,True,63,"(0, 0)"
310,0,0.6543918918918918,True,0.4126758927819677,-109.03999999999924,True,104,"(0, 0)"
311,0,0.6532770270270271,True,0.4644331342595465,58.98,True,102,"(0, 0)"
312,0,0.6521621621621622,True,0.4687682718879754,59.37999999999998,True,62,"(0, 0)"
313,0,0.6510472972972973,True,0.46132202374820525,-109.03999999999918,True,104,"(0, 0)"
314,0,0.6499324324324325,True,0.48184220360434915,-24.829999999999856,True,83,"(0, 0)"
315,0,0.6488175675675676,True,0.4867276382574346,-108.63999999999977,True,64,"(0, 0)"
316,0,0.6477027027027027,False,0.4513334763656941,-382.2399999999991,False,124,"(0, 0)"
317,0,0.6465878378378378,True,0.5064738177749164,-192.8499999999998,True,85,"(0, 0)"
318,0,0.6454729729729729,False,0.40627574788466575,-232.23999999999927,False,124,"(0, 0)"
319,0,0.6443581081081081,True,0.4945438200788152,59.38,True,62,"(0, 0)"
320,0,0.6432432432432433,True,0.4646492360366715,-24.62999999999981,True,63,"(0, 0)"
321,0,0.6421283783783783,True,0.4942504921026768,59.38000000000004,True,62,"(0, 0)"
322,0,0.6410135135135135,False,0.48487368586563295,-127.23999999999997,False,124,"(0, 0)"
323,0,0.6398986486486486,True,0.4576648365285608,-109.23999999999934,True,124,"(0, 0)"
324,0,0.6387837837837838,False,0.47620551777823317,-487.2399999999992,False,124,"(0, 0)"
325,0,0.6376689189189189,True,0.5015188973443008,143.19,True,81,"(0, 0)"
326,0,0.636554054054054,True,0.44369483457028286,-25.0299999999999,True,103,"(0, 0)"
327,0,0.6354391891891892,True,0.44030417574028813,59.38,True,62,"(0, 0)"
328,0,0.6343243243243244,True,0.44777890944925064,-109.0399999999993,True,104,"(0, 0)"
329,0,0.6332094594594595,True,0.44052415573421644,-192.84999999999957,True,85,"(0, 0)"
330,0,0.6320945945945946,False,0.4679443221238832,-382.239999999999,False,124,"(0, 0)"
331,0,0.6309797297297297,True,0.3822990474069402,-108.83999999999936,True,84,"(0, 0)"
332,0,0.6298648648648648,True,0.4469506912590826,58.98000000000003,True,102,"(0, 0)"
333,0,0.62875,True,0.4558361456336745,-24.830000000000027,True,83,"(0, 0)"
334,0,0.6276351351351351,True,0.47021996391077453,-109.03999999999958,True,104,"(0, 0)"
335,0,0.6265202702702704,True,0.42086817751207,59.18000000000002,True,82,"(0, 0)"
336,0,0.6254054054054055,True,0.4345122085006769,142.79000000000002,True,121,"(0, 0)"
337,0,0.6242905405405406,True,0.47770227377693497,59.37999999999998,True,62,"(0, 0)"
338,0,0.6231756756756757,True,0.4095433668117039,-108.63999999999955,True,64,"(0, 0)"
339,0,0.6220608108108108,True,0.45608937978500225,143.39000000000004,True,61,"(0, 0)"
340,0,0.620945945945946,True,0.4095876759192983,143.39000000000004,True,61,"(0, 0)"
341,0,0.6198310810810811,True,0.45123149561030523,-24.62999999999998,True,63,"(0, 0)"
342,0,0.6187162162162162,False,0.4144632813010004,-297.2399999999993,False,124,"(0, 0)"
343,0,0.6176013513513514,True,0.41659212443563676,-24.629999999999953,True,63,"(0, 0)"
344,0,0.6164864864864865,True,0.4028160740272142,-108.63999999999972,True,64,"(0, 0)"
345,0,0.6153716216216216,True,0.4315314650097314,58.98000000000006,True,102,"(0, 0)"
346,0,0.6142567567567567,True,0.45178528423080355,59.179999999999986,True,82,"(0, 0)"
347,0,0.6131418918918918,False,0.4168057223301261,-232.2399999999991,False,124,"(0, 0)"
348,0,0.612027027027027,True,0.44769219380310354,58.98000000000002,True,102,"(0, 0)"
349,0,0.6109121621621623,True,0.4713575994115203,-109.2399999999994,True,124,"(0, 0)"
350,0,0.6097972972972973,False,0.4181381788615498,-232.2399999999995,False,124,"(0, 0)"
351,0,0.6086824324324325,False,0.44887969528715455,-362.23999999999916,False,124,"(0, 0)"
352,0,0.6075675675675676,True,0.46945840480729817,-25.22999999999996,True,123,"(0, 0)"
353,0,0.6064527027027027,True,0.4080091375266997,59.18,True,82,"(0, 0)"
354,0,0.6053378378378378,True,0.4593340770269816,-192.64999999999958,True,65,"(0, 0)"
355,0,0.6042229729729729,True,0.4290223813743568,58.98000000000012,True,102,"(0, 0)"
356,0,0.6031081081081081,False,0.4369065502748614,-42.24000000000001,False,124,"(0, 0)"
357,0,0.6019932432432433,True,0.4234514271121214,142.99,True,101,"(0, 0)"
358,0,0.6008783783783784,True,0.41600940086775356,-24.629999999999953,True,63,"(0, 0)"
359,0,0.5997635135135135,False,0.37789031688965136,-552.2399999999991,False,124,"(0, 0)"
360,0,0.5986486486486486,True,0.4394325636009254,59.18000000000002,True,82,"(0, 0)"
361,0,0.5975337837837837,True,0.4774120721337666,-24.829999999999828,True,83,"(0, 0)"
362,0,0.5964189189189189,False,0.45496440330340016,-42.24000000000002,False,124,"(0, 0)"
363,0,0.5953040540540541,True,0.44160604244861446,143.39000000000004,True,61,"(0, 0)"
364,0,0.5941891891891893,False,0.4480685579530414,-936.2399999999992,False,124,"(0, 0)"
365,0,0.5930743243243244,True,0.48080224858623155,-696.7099999999995,True,71,"(0, 0)"
366,0,0.5919594594594595,False,0.5661870014493263,-212.23999999999944,False,124,"(0, 0)"
367,0,0.5908445945945946,False,0.5666657710267652,42.76,False,124,"(0, 0)"
368,0,0.5897297297297297,True,0.5895178203899709,-24.63000000000001,True,63,"(0, 0)"
369,0,0.5886148648648649,True,0.5408213220109217,143.39000000000004,True,61,"(0, 0)"
370,0,0.5874999999999999,True,0.5962460112410137,-24.82999999999977,True,83,"(0, 0)"
371,0,0.5863851351351351,False,0.5377417735515102,-147.23999999999978,False,124,"(0, 0)"
372,0,0.5852702702702703,False,0.550001430956106,-232.2399999999992,False,124,"(0, 0)"
373,0,0.5841554054054054,True,0.6157067473677378,59.380000000000024,True,62,"(0, 0)"
374,0,0.5830405405405406,False,0.5634918628981517,-232.23999999999944,False,124,"(0, 0)"
375,0,0.5819256756756757,False,0.5412746403486498,-147.2399999999997,False,124,"(0, 0)"
376,0,0.5808108108108108,True,0.5630030567840775,142.99000000000004,True,101,"(0, 0)"
377,0,0.579695945945946,True,0.6153882215390118,59.179999999999986,True,82,"(0, 0)"
378,0,0.5785810810810811,True,0.5632061045162562,59.17999999999992,True,82,"(0, 0)"
379,0,0.5774662162162162,True,0.5432858413360158,143.39000000000004,True,61,"(0, 0)"
380,0,0.5763513513513514,True,0.6174562605878999,59.380000000000024,True,62,"(0, 0)"
381,0,0.5752364864864865,True,0.563449867854954,58.98000000000006,True,102,"(0, 0)"
382,0,0.5741216216216216,True,0.5764655531162307,-108.83999999999936,True,84,"(0, 0)"
383,0,0.5730067567567567,False,0.5757892209015065,-1106.2399999999993,False,124,"(0, 0)"
384,0,0.5718918918918918,False,0.695479940352661,-147.23999999999995,False,124,"(0, 0)"
385,0,0.570777027027027,True,0.743622015667967,-24.82999999999994,True,83,"(0, 0)"
386,0,0.5696621621621621,True,0.7011669922436847,143.39000000000004,True,61,"(0, 0)"
387,0,0.5685472972972974,True,0.7215697414897106,143.19000000000005,True,81,"(0, 0)"
388,0,0.5674324324324325,True,0.7323975044430471,58.98000000000003,True,102,"(0, 0)"
389,0,0.5663175675675676,True,0.6498405481802254,59.17999999999998,True,82,"(0, 0)"
390,0,0.5652027027027027,True,0.7726155510024418,-24.629999999999953,True,63,"(0, 0)"
391,0,0.5640878378378378,True,0.7057611479810099,59.17999999999988,True,82,"(0, 0)"
392,0,0.562972972972973,False,0.7037950893563609,42.76,False,124,"(0, 0)"
393,0,0.5618581081081082,True,0.6752093296584695,-276.8599999999996,True,86,"(0, 0)"
394,0,0.5607432432432432,False,0.6972003295536964,-42.239999999999974,False,124,"(0, 0)"
395,0,0.5596283783783784,True,0.7674840090255584,59.38,True,62,"(0, 0)"
396,0,0.5585135135135135,True,0.7478875506033258,59.179999999999964,True,82,"(0, 0)"
397,0,0.5573986486486486,True,0.6031091669874806,59.380000000000024,True,62,"(0, 0)"
398,0,0.5562837837837837,True,0.6316090879015258,143.39000000000004,True,61,"(0, 0)"
399,0,0.5551689189189188,False,0.7089640610971518,-147.23999999999995,False,124,"(0, 0)"
400,0,0.5540540540540541,True,0.6595145284550862,-25.02999999999993,True,103,"(0, 0)"
401,0,0.5529391891891893,True,0.714631556976037,143.39000000000004,True,61,"(0, 0)"
402,0,0.5518243243243244,True,0.7610976494410459,58.98000000000003,True,102,"(0, 0)"
403,0,0.5507094594594595,True,0.6975786077939434,143.19000000000003,True,81,"(0, 0)"
404,0,0.5495945945945946,True,0.6543874024517007,-24.62999999999998,True,63,"(0, 0)"
405,0,0.5484797297297297,True,0.7832730491477323,-24.82999999999977,True,83,"(0, 0)"
406,0,0.5473648648648648,True,0.7497718739705007,143.39000000000004,True,61,"(0, 0)"
407,0,0.54625,True,0.6908425786245016,143.19000000000003,True,81,"(0, 0)"
408,0,0.5451351351351351,True,0.7154358917109247,-277.05999999999915,True,106,"(0, 0)"
409,0,0.5440202702702703,True,0.6161681053335549,143.39000000000004,True,61,"(0, 0)"
410,0,0.5429054054054054,True,0.7182826503966618,-25.029999999999816,True,103,"(0, 0)"
411,0,0.5417905405405405,False,0.6633246253514963,-362.23999999999955,False,124,"(0, 0)"
412,0,0.5406756756756756,True,0.6864352756774569,-24.830000000000055,True,83,"(0, 0)"
413,0,0.5395608108108108,False,0.6384500736190427,42.76000000000004,False,124,"(0, 0)"
414,0,0.5384459459459459,True,0.7254453542451542,-24.83,True,83,"(0, 0)"
415,0,0.5373310810810811,True,0.6904867303092033,-108.63999999999966,True,64,"(0, 0)"
416,0,0.5362162162162163,True,0.6748178988214462,59.37999999999998,True,62,"(0, 0)"
417,0,0.5351013513513514,False,0.6526119576076106,-232.23999999999967,False,124,"(0, 0)"
418,0,0.5339864864864865,False,0.6743018406052743,-171.24000000000007,False,124,"(0, 0)"
419,0,0.5328716216216216,True,0.7396788935709212,-108.83999999999936,True,84,"(0, 0)"
420,0,0.5317567567567567,True,0.735605292890257,-25.02999999999959,True,103,"(0, 0)"
421,0,0.5306418918918919,True,0.7722179478079807,59.180000000000035,True,82,"(0, 0)"
422,0,0.529527027027027,True,0.6718584816963946,143.39000000000004,True,61,"(0, 0)"
423,0,0.5284121621621621,False,0.7877736688261071,-212.2399999999996,False,124,"(0, 0)"
424,0,0.5272972972972974,False,0.751474523436158,-382.239999999999,False,124,"(0, 0)"
425,0,0.5261824324324325,True,0.7526852181447404,-193.04999999999916,True,105,"(0, 0)"
426,0,0.5250675675675676,False,0.7767206010739168,-402.239999999999,False,124,"(0, 0)"
427,0,0.5239527027027027,False,0.7797998289667791,-127.23999999999968,False,124,"(0, 0)"
428,0,0.5228378378378378,False,0.7323389842865928,-572.2399999999991,False,124,"(0, 0)"
429,0,0.521722972972973,True,0.7276683187628367,-24.8299999999998,True,83,"(0, 0)"
430,0,0.5206081081081081,True,0.8608244645690161,-24.630000000000052,True,63,"(0, 0)"
431,0,0.5194932432432433,True,0.6921327732984097,59.38000000000004,True,62,"(0, 0)"
432,0,0.5183783783783784,True,0.8104364378077369,59.380000000000024,True,62,"(0, 0)"
433,0,0.5172635135135135,True,0.6875060227128768,59.380000000000024,True,62,"(0, 0)"
434,0,0.5161486486486486,True,0.8293679332146879,143.39000000000004,True,61,"(0, 0)"
435,0,0.5150337837837837,False,0.7668456068082202,-232.2399999999996,False,124,"(0, 0)"
436,0,0.5139189189189189,True,0.7737066162886416,59.18000000000002,True,82,"(0, 0)"
437,0,0.512804054054054,True,0.947408135308594,143.39000000000004,True,61,"(0, 0)"
438,0,0.5116891891891892,False,0.7654671391111708,-62.240000000000066,False,124,"(0, 0)"
439,0,0.5105743243243244,True,0.8474208456866535,143.19000000000005,True,81,"(0, 0)"
440,0,0.5094594594594595,True,0.8273349592431647,143.39000000000004,True,61,"(0, 0)"
441,0,0.5083445945945946,True,0.8489431084179487,143.39000000000004,True,61,"(0, 0)"
442,0,0.5072297297297297,True,0.7904970222740497,-25.029999999999703,True,103,"(0, 0)"
443,0,0.5061148648648648,True,0.7548778366584045,-109.03999999999935,True,104,"(0, 0)"
444,0,0.505,True,0.6912547698543395,143.19000000000003,True,81,"(0, 0)"
445,0,0.5038851351351351,True,0.7415423932053694,-25.22999999999925,True,123,"(0, 0)"
446,0,0.5027702702702703,True,0.819048284568259,143.39000000000004,True,61,"(0, 0)"
447,0,0.5016554054054054,True,0.8622732433240589,59.18000000000008,True,82,"(0, 0)"
448,0,0.5005405405405405,True,0.7856510396463325,-24.82999999999963,True,83,"(0, 0)"
449,0,0.49942567567567564,False,0.8688295791826902,-402.2399999999992,False,124,"(0, 0)"
450,0,0.49831081081081074,True,0.7793375997514022,143.39000000000004,True,61,"(0, 0)"
451,0,0.49719594594594596,True,0.6586110099824598,-25.02999999999959,True,103,"(0, 0)"
452,0,0.49608108108108107,True,0.7660289641710059,59.37999999999998,True,62,"(0, 0)"
453,0,0.4949662162162163,False,0.7820046456350435,42.759999999999955,False,124,"(0, 0)"
454,0,0.4938513513513514,True,0.881279563954608,-444.8799999999993,True,88,"(0, 0)"
455,0,0.4927364864864865,True,0.7297436286036562,59.180000000000064,True,82,"(0, 0)"
456,0,0.4916216216216217,True,0.8222659442934298,59.37999999999998,True,62,"(0, 0)"
457,0,0.4905067567567567,True,0.793164086596268,59.18000000000002,True,82,"(0, 0)"
458,0,0.4893918918918919,False,0.6878676645367616,-127.23999999999951,False,124,"(0, 0)"
459,0,0.488277027027027,True,0.7858771247645984,-109.03999999999941,True,104,"(0, 0)"
460,0,0.4871621621621621,True,0.8619127854949138,143.39000000000004,True,61,"(0, 0)"
461,0,0.48604729729729734,True,0.9066706262528896,143.39000000000004,True,61,"(0, 0)"
462,0,0.48493243243243245,True,0.7496597283809888,143.39000000000004,True,61,"(0, 0)"
463,0,0.48381756756756766,True,0.7704362600553231,143.39000000000004,True,61,"(0, 0)"
464,0,0.48270270270270277,True,0.850655653063328,59.38,True,62,"(0, 0)"
465,0,0.48158783783783776,True,0.7431499878801997,-24.62999999999998,True,63,"(0, 0)"
466,0,0.480472972972973,True,0.7839604652322391,58.98000000000012,True,102,"(0, 0)"
467,0,0.4793581081081081,True,0.7549509065876524,-24.829999999999885,True,83,"(0, 0)"
468,0,0.4782432432432433,True,0.8413572122180273,-24.630000000000123,True,63,"(0, 0)"
469,0,0.4771283783783784,True,0.9087867178022861,-108.63999999999955,True,64,"(0, 0)"
470,0,0.4760135135135135,True,0.8420343642965669,-108.83999999999936,True,84,"(0, 0)"
471,0,0.4748986486486487,True,0.7871580193600347,59.38,True,62,"(0, 0)"
472,0,0.47378378378378383,True,0.7480823224650162,142.99000000000004,True,101,"(0, 0)"
473,0,0.4726689189189188,True,0.6689240723138764,-24.630000000000067,True,63,"(0, 0)"
474,0,0.47155405405405404,True,0.8493903712541969,143.19000000000005,True,81,"(0, 0)"
475,0,0.47043918918918914,True,0.783281153090942,143.19000000000003,True,81,"(0, 0)"
476,0,0.46932432432432436,True,0.7268223714302567,-192.84999999999934,True,85,"(0, 0)"
477,0,0.46820945945945946,True,0.8440250015455829,142.79000000000002,True,121,"(0, 0)"
478,0,0.46709459459459457,True,0.7657128004800706,-108.83999999999965,True,84,"(0, 0)"
479,0,0.4659797297297298,True,0.7182384511319603,-25.229999999999677,True,123,"(0, 0)"
480,0,0.4648648648648649,True,0.66625575121583,59.17999999999999,True,82,"(0, 0)"
481,0,0.46375,True,0.8390878166716832,-109.03999999999947,True,104,"(0, 0)"
482,0,0.4626351351351351,False,0.7781604980268786,-127.23999999999951,False,124,"(0, 0)"
483,0,0.4615202702702702,True,0.7562882108613849,-108.63999999999972,True,64,"(0, 0)"
484,0,0.4604054054054054,True,0.8251886546123223,143.39000000000004,True,61,"(0, 0)"
485,0,0.4592905405405405,True,0.7352191964622403,143.39000000000004,True,61,"(0, 0)"
486,0,0.45817567567567574,True,0.7248642651304122,59.37999999999998,True,62,"(0, 0)"
487,0,0.45706081081081085,True,0.6777778315555417,-276.65999999999957,True,66,"(0, 0)"
488,0,0.45594594594594595,True,0.7140280382684719,143.19,True,81,"(0, 0)"
489,0,0.45483108108108106,True,0.7572780808835637,58.98000000000001,True,102,"(0, 0)"
490,0,0.45371621621621616,True,0.7948832179582308,-24.63000000000001,True,63,"(0, 0)"
491,0,0.4526013513513514,True,0.746945823350596,-24.630000000000067,True,63,"(0, 0)"
492,0,0.4514864864864865,True,0.7805786289806876,-108.83999999999936,True,84,"(0, 0)"
493,0,0.4503716216216216,False,0.7057059713218722,-297.239999999999,False,124,"(0, 0)"
494,0,0.4492567567567568,True,0.7323926637773631,58.77999999999997,True,122,"(0, 0)"
495,0,0.4481418918918919,True,0.6764992983004109,143.39000000000004,True,61,"(0, 0)"
496,0,0.4470270270270271,True,0.7132747386612238,59.38000000000004,True,62,"(0, 0)"
497,0,0.4459121621621621,True,0.729627134321734,-276.85999999999945,True,86,"(0, 0)"
498,0,0.4447972972972972,True,0.7198607046757975,59.38000000000004,True,62,"(0, 0)"
499,0,0.44368243243243244,True,0.7712585643054016,59.38,True,62,"(0, 0)"
500,0,0.44256756756756754,False,0.7058184474946991,42.76000000000003,False,124,"(0, 0)"
501,0,0.44145270270270276,True,0.7596859064747076,143.39000000000004,True,61,"(0, 0)"
502,0,0.44033783783783786,False,0.7041401133361843,-212.23999999999938,False,124,"(0, 0)"
503,0,0.43922297297297297,False,0.7090119831864873,-42.239999999999824,False,124,"(0, 0)"
504,0,0.4381081081081082,True,0.7372976269792108,58.980000000000075,True,102,"(0, 0)"
505,0,0.4369932432432432,False,0.7757738440507843,-62.24000000000002,False,124,"(0, 0)"
506,0,0.4358783783783784,True,0.8150177757826543,59.38000000000004,True,62,"(0, 0)"
507,0,0.4347635135135135,True,0.7544397660080464,59.38,True,62,"(0, 0)"
508,0,0.4336486486486486,False,0.6537067897527689,-252.2399999999991,False,124,"(0, 0)"
509,0,0.4325337837837838,True,0.698361381399827,143.39000000000004,True,61,"(0, 0)"
510,0,0.4314189189189189,True,0.6959960140860998,-192.64999999999952,True,65,"(0, 0)"
511,0,0.43030405405405414,True,0.6876346797841352,59.180000000000064,True,82,"(0, 0)"
512,0,0.42918918918918925,True,0.7368685025540949,-25.02999999999959,True,103,"(0, 0)"
513,0,0.42807432432432424,True,0.7006259842729959,143.39000000000004,True,61,"(0, 0)"
514,0,0.42695945945945946,False,0.6795493189035163,-552.2399999999991,False,124,"(0, 0)"
515,0,0.42584459459459456,True,0.7289467302284071,-108.83999999999953,True,84,"(0, 0)"
516,0,0.4247297297297298,True,0.8511137509199439,143.39000000000004,True,61,"(0, 0)"
517,0,0.4236148648648649,True,0.7694426118846862,59.37999999999998,True,62,"(0, 0)"
518,0,0.4225,True,0.7290646929648661,-24.62999999999998,True,63,"(0, 0)"
519,0,0.4213851351351352,True,0.7240573641050745,143.19000000000003,True,81,"(0, 0)"
520,0,0.4202702702702703,False,0.7104801548975369,22.759999999999962,False,124,"(0, 0)"
521,0,0.4191554054054054,True,0.6818859272996985,59.380000000000024,True,62,"(0, 0)"
522,0,0.4180405405405405,True,0.8049763121775219,-24.630000000000052,True,63,"(0, 0)"
523,0,0.4169256756756756,True,0.674871705691604,58.980000000000075,True,102,"(0, 0)"
524,0,0.41581081081081084,True,0.6351078818552196,-109.03999999999918,True,104,"(0, 0)"
525,0,0.41469594594594594,True,0.6474038415721485,-108.83999999999936,True,84,"(0, 0)"
526,0,0.41358108108108116,True,0.7225006652053123,143.19000000000005,True,81,"(0, 0)"
527,0,0.41246621621621626,True,0.6430399042766283,142.99000000000004,True,101,"(0, 0)"
528,0,0.41135135135135137,True,0.6943985188349349,143.39000000000004,True,61,"(0, 0)"
529,0,0.4102364864864865,True,0.7066125420444622,59.179999999999986,True,82,"(0, 0)"
530,0,0.4091216216216216,False,0.7218000057844385,-62.23999999999997,False,124,"(0, 0)"
531,0,0.4080067567567567,True,0.7107275026552018,-25.02999999999976,True,103,"(0, 0)"
532,0,0.4068918918918919,True,0.7842757853250655,-24.62999999999981,True,63,"(0, 0)"
533,0,0.405777027027027,True,0.6782436971702883,59.37999999999998,True,62,"(0, 0)"
534,0,0.4046621621621622,True,0.6772430121237712,59.38,True,62,"(0, 0)"
535,0,0.4035472972972973,True,0.7472697267247761,143.39000000000004,True,61,"(0, 0)"
536,0,0.40243243243243243,True,0.6334246744311625,59.380000000000024,True,62,"(0, 0)"
537,0,0.40131756756756753,True,0.7784367940005135,-192.8499999999994,True,85,"(0, 0)"
538,0,0.40020270270270264,True,0.6480041145667678,143.39000000000004,True,61,"(0, 0)"
539,0,0.39908783783783786,True,0.6730116164131511,59.37999999999998,True,62,"(0, 0)"
540,0,0.39797297297297296,True,0.6703055384418657,59.38000000000004,True,62,"(0, 0)"
541,0,0.39685810810810807,True,0.6602363344587263,143.39000000000004,True,61,"(0, 0)"
542,0,0.3957432432432433,True,0.6318924006801553,59.180000000000035,True,82,"(0, 0)"
543,0,0.3946283783783784,True,0.5785978535735389,59.18000000000001,True,82,"(0, 0)"
544,0,0.3935135135135136,False,0.6949009957212594,-127.24000000000002,False,124,"(0, 0)"
545,0,0.3923986486486486,True,0.7870203281035189,143.39000000000004,True,61,"(0, 0)"
546,0,0.3912837837837837,True,0.7483758292368894,-25.029999999999987,True,103,"(0, 0)"
547,0,0.3901689189189189,True,0.5926142783068559,58.97999999999996,True,102,"(0, 0)"
548,0,0.389054054054054,True,0.7021278734886791,59.17999999999998,True,82,"(0, 0)"
549,0,0.38793918918918924,True,0.6323246294780384,-24.62999999999981,True,63,"(0, 0)"
550,0,0.38682432432432434,True,0.5870777567818998,-24.630000000000123,True,63,"(0, 0)"
551,0,0.38570945945945945,False,0.6768008918020754,42.759999999999934,False,124,"(0, 0)"
552,0,0.38459459459459466,False,0.6557353189545533,22.759999999999906,False,124,"(0, 0)"
553,0,0.38347972972972966,True,0.5897785963826492,143.39000000000004,True,61,"(0, 0)"
554,0,0.3823648648648649,True,0.6505683421111498,143.39000000000004,True,61,"(0, 0)"
555,0,0.38125,True,0.6371921444491994,59.379999999999995,True,62,"(0, 0)"
556,0,0.3801351351351351,True,0.6065865942254299,59.180000000000035,True,82,"(0, 0)"
557,0,0.3790202702702703,False,0.6283125818196323,-127.24000000000005,False,124,"(0, 0)"
558,0,0.3779054054054054,True,0.6512680055528153,59.17999999999988,True,82,"(0, 0)"
559,0,0.3767905405405406,True,0.6226887327709025,59.379999999999995,True,62,"(0, 0)"
560,0,0.3756756756756757,True,0.6140400128018472,59.380000000000024,True,62,"(0, 0)"
561,0,0.37456081081081083,True,0.7189778723495911,-24.830000000000055,True,83,"(0, 0)"
562,0,0.37344594594594593,False,0.62379049355044,-232.2399999999995,False,124,"(0, 0)"
563,0,0.37233108108108104,False,0.6961412835986384,-127.2399999999998,False,124,"(0, 0)"
564,0,0.37121621621621625,True,0.7524907485444526,143.39000000000004,True,61,"(0, 0)"
565,0,0.37010135135135136,True,0.6567232090859644,59.37999999999998,True,62,"(0, 0)"
566,0,0.36898648648648646,True,0.7569101613137077,143.39000000000004,True,61,"(0, 0)"
567,0,0.3678716216216217,True,0.6277049554579229,-24.83,True,83,"(0, 0)"
568,0,0.3667567567567568,False,0.6944167288545999,-127.23999999999971,False,124,"(0, 0)"
569,0,0.365641891891892,False,0.6281083583711616,22.759999999999952,False,124,"(0, 0)"
570,0,0.364527027027027,True,0.6272287393264748,143.19000000000003,True,81,"(0, 0)"
571,0,0.3634121621621621,True,0.6601668590919512,142.99,True,101,"(0, 0)"
572,0,0.3622972972972973,True,0.704857909532844,143.39000000000004,True,61,"(0, 0)"
573,0,0.3611824324324324,True,0.6570745977748296,142.99000000000004,True,101,"(0, 0)"
574,0,0.36006756756756764,True,0.5304827105719596,-108.63999999999966,True,64,"(0, 0)"
575,0,0.35895270270270274,False,0.667059077400594,-147.2399999999991,False,124,"(0, 0)"
576,0,0.35783783783783785,True,0.6358890952542424,143.39000000000004,True,61,"(0, 0)"
577,0,0.35672297297297306,True,0.6801052367285131,-24.63000000000001,True,63,"(0, 0)"
578,0,0.35560810810810806,True,0.7213507241436413,-24.62999999999981,True,63,"(0, 0)"
579,0,0.3544932432432433,True,0.6037448290735483,59.38,True,62,"(0, 0)"
580,0,0.3533783783783784,True,0.6132306658097955,143.39000000000004,True,61,"(0, 0)"
581,0,0.3522635135135135,True,0.7217570629015745,-24.83,True,83,"(0, 0)"
582,0,0.3511486486486487,True,0.7427773333534047,143.19000000000003,True,81,"(0, 0)"
583,0,0.3500337837837838,True,0.6756960766725852,143.39000000000004,True,61,"(0, 0)"
584,0,0.3489189189189189,True,0.5158434489802006,59.38000000000004,True,62,"(0, 0)"
585,0,0.3478040540540541,True,0.7155471479398061,143.39000000000004,True,61,"(0, 0)"
586,0,0.3466891891891891,True,0.587478545284079,59.380000000000024,True,62,"(0, 0)"
587,0,0.34557432432432433,True,0.5844393213201,-24.8299999999998,True,83,"(0, 0)"
588,0,0.34445945945945944,True,0.6363896427040057,59.17999999999998,True,82,"(0, 0)"
589,0,0.34334459459459454,True,0.6773846531171858,143.19000000000005,True,81,"(0, 0)"
590,0,0.34222972972972976,True,0.5535306570200641,143.19000000000003,True,81,"(0, 0)"
591,0,0.34111486486486486,True,0.5905578768842162,59.37999999999998,True,62,"(0, 0)"
592,0,0.3400000000000001,True,0.6158162603425162,59.380000000000024,True,62,"(0, 0)"
593,0,0.3388851351351352,True,0.6199735583981774,143.39000000000004,True,61,"(0, 0)"
594,0,0.3377702702702702,True,0.6606658822856843,-108.83999999999936,True,84,"(0, 0)"
595,0,0.3366554054054054,True,0.5955318888350402,143.19000000000003,True,81,"(0, 0)"
596,0,0.3355405405405405,True,0.6333781037418569,143.39000000000004,True,61,"(0, 0)"
597,0,0.3344256756756757,True,0.632653436910959,143.19000000000005,True,81,"(0, 0)"
598,0,0.3333108108108108,True,0.5414242042136974,143.39000000000004,True,61,"(0, 0)"
599,0,0.3321959459459459,True,0.5867631644190799,59.380000000000024,True,62,"(0, 0)"
600,0,0.33108108108108114,True,0.4766997226904477,59.37999999999998,True,62,"(0, 0)"
601,0,0.32996621621621625,True,0.5990588156930586,142.98999999999998,True,101,"(0, 0)"
602,0,0.32885135135135135,True,0.8000194185879081,-108.6399999999996,True,64,"(0, 0)"
603,0,0.32773648648648646,True,0.5576245364462656,59.380000000000024,True,62,"(0, 0)"
604,0,0.32662162162162156,True,0.7223697741378526,143.39000000000004,True,61,"(0, 0)"
605,0,0.3255067567567568,True,0.48670001355473136,143.39000000000004,True,61,"(0, 0)"
606,0,0.3243918918918919,False,0.6729611062835301,-232.23999999999967,False,124,"(0, 0)"
607,0,0.3232770270270271,True,0.7571954486831542,59.37999999999998,True,62,"(0, 0)"
608,0,0.3221621621621622,True,0.518778964938199,143.39000000000004,True,61,"(0, 0)"
609,0,0.3210472972972973,True,0.528001976920472,59.380000000000024,True,62,"(0, 0)"
610,0,0.3199324324324324,True,0.6259952521612567,59.37999999999998,True,62,"(0, 0)"
611,0,0.3188175675675675,True,0.5947912767468417,143.39000000000004,True,61,"(0, 0)"
612,0,0.31770270270270273,True,0.5976061865642487,-24.82999999999963,True,83,"(0, 0)"
613,0,0.31658783783783784,True,0.5950442288942155,59.380000000000024,True,62,"(0, 0)"
614,0,0.31547297297297294,True,0.5087673090307451,59.18000000000001,True,82,"(0, 0)"
615,0,0.31435810810810816,True,0.6922157661598406,143.19,True,81,"(0, 0)"
616,0,0.31324324324324326,True,0.583285635062417,143.39000000000004,True,61,"(0, 0)"
617,0,0.3121283783783785,True,0.5913770170422432,143.19000000000005,True,81,"(0, 0)"
618,0,0.3110135135135135,True,0.5839607253304271,143.39000000000004,True,61,"(0, 0)"
619,0,0.3098986486486486,True,0.5884957255841028,59.17999999999995,True,82,"(0, 0)"
620,0,0.3087837837837838,True,0.599831330483077,143.39000000000004,True,61,"(0, 0)"
621,0,0.3076689189189189,True,0.6484662058045629,143.39000000000004,True,61,"(0, 0)"
622,0,0.3065540540540541,True,0.7100007888530532,59.37999999999998,True,62,"(0, 0)"
623,0,0.3054391891891892,True,0.6222242554048857,59.380000000000024,True,62,"(0, 0)"
624,0,0.3043243243243243,True,0.6278068051045018,-25.22999999999965,True,123,"(0, 0)"
625,0,0.30320945945945954,True,0.5243857373753863,59.379999999999995,True,62,"(0, 0)"
626,0,0.30209459459459453,False,0.6667464024898025,42.75999999999998,False,124,"(0, 0)"
627,0,0.30097972972972975,True,0.6142228659486673,143.39000000000004,True,61,"(0, 0)"
628,0,0.29986486486486486,False,0.5992561940464282,-62.24000000000014,False,124,"(0, 0)"
629,0,0.29874999999999996,True,0.6125687487009499,143.19,True,81,"(0, 0)"
630,0,0.2976351351351352,True,0.4984117921501879,59.380000000000024,True,62,"(0, 0)"
631,0,0.2965202702702703,True,0.5623761135854839,143.19000000000003,True,81,"(0, 0)"
632,0,0.2954054054054055,True,0.5778892637678871,143.19000000000003,True,81,"(0, 0)"
633,0,0.2942905405405406,True,0.571301225660136,-108.63999999999977,True,64,"(0, 0)"
634,0,0.2931756756756756,True,0.5832539395975672,142.79,True,121,"(0, 0)"
635,0,0.2920608108108108,True,0.6142235719968402,-24.630000000000024,True,63,"(0, 0)"
636,0,0.2909459459459459,True,0.6084800497178109,59.38,True,62,"(0, 0)"
637,0,0.28983108108108113,True,0.6141227893531322,59.380000000000024,True,62,"(0, 0)"
638,0,0.28871621621621624,True,0.6338787481310915,143.39000000000004,True,61,"(0, 0)"
639,0,0.28760135135135134,True,0.6741202278215377,143.39000000000004,True,61,"(0, 0)"
640,0,0.28648648648648656,True,0.5971632438299598,143.39000000000004,True,61,"(0, 0)"
641,0,0.28537162162162166,True,0.6444964111461992,143.39000000000004,True,61,"(0, 0)"
642,0,0.28425675675675666,True,0.6238599159739545,143.39000000000004,True,61,"(0, 0)"
643,0,0.2831418918918919,True,0.563013070585704,142.99000000000007,True,101,"(0, 0)"
644,0,0.282027027027027,True,0.6183525727828965,-108.63999999999966,True,64,"(0, 0)"
645,0,0.2809121621621622,True,0.611652106107747,143.39000000000004,True,61,"(0, 0)"
646,0,0.2797972972972973,True,0.5732409885874198,59.38,True,62,"(0, 0)"
647,0,0.2786824324324324,True,0.6136598017204691,143.19000000000003,True,81,"(0, 0)"
648,0,0.2775675675675676,True,0.5790704328704763,143.19,True,81,"(0, 0)"
649,0,0.2764527027027027,False,0.542140627249835,22.759999999999962,False,124,"(0, 0)"
650,0,0.27533783783783783,True,0.49066982400273124,59.380000000000024,True,62,"(0, 0)"
651,0,0.27422297297297293,True,0.5626464130692794,143.39000000000004,True,61,"(0, 0)"
652,0,0.27310810810810804,True,0.6630891607173027,59.380000000000024,True,62,"(0, 0)"
653,0,0.27199324324324325,True,0.5509098031454616,-24.63000000000001,True,63,"(0, 0)"
654,0,0.27087837837837836,True,0.6422872016297989,143.39000000000004,True,61,"(0, 0)"
655,0,0.2697635135135136,True,0.5550436025439967,59.18000000000002,True,82,"(0, 0)"
656,0,0.2686486486486487,True,0.6237337154949584,59.17999999999988,True,82,"(0, 0)"
657,0,0.2675337837837838,True,0.606874526340942,143.39000000000004,True,61,"(0, 0)"
658,0,0.2664189189189189,True,0.6954757148002992,143.39000000000004,True,61,"(0, 0)"
659,0,0.265304054054054,True,0.53548030506392,143.39000000000004,True,61,"(0, 0)"
660,0,0.2641891891891892,True,0.6883023156514091,59.380000000000024,True,62,"(0, 0)"
661,0,0.2630743243243243,True,0.49402383756306434,-24.630000000000067,True,63,"(0, 0)"
662,0,0.2619594594594594,True,0.6698152934223777,59.180000000000035,True,82,"(0, 0)"
663,0,0.26084459459459464,True,0.5172346824619137,143.19000000000003,True,81,"(0, 0)"
664,0,0.25972972972972974,True,0.5802058954205778,143.19,True,81,"(0, 0)"
665,0,0.25861486486486496,True,0.5732289597880645,143.39000000000004,True,61,"(0, 0)"
666,0,0.25750000000000006,True,0.563967984229807,59.380000000000024,True,62,"(0, 0)"
667,0,0.25638513513513506,True,0.5956083685770387,143.39000000000004,True,61,"(0, 0)"
668,0,0.25527027027027027,True,0.5313394295631862,143.39000000000004,True,61,"(0, 0)"
669,0,0.2541554054054054,True,0.64540197504837,143.39000000000004,True,61,"(0, 0)"
670,0,0.2530405405405406,True,0.6066927924202602,143.39000000000004,True,61,"(0, 0)"
671,0,0.2519256756756757,True,0.5959613243933798,142.79000000000002,True,121,"(0, 0)"
672,0,0.2508108108108108,True,0.6945132832610752,59.17999999999999,True,82,"(0, 0)"
673,0,0.24969594594594602,True,0.5133159005495368,143.39000000000004,True,61,"(0, 0)"
674,0,0.24858108108108112,True,0.5162934861596553,59.37999999999998,True,62,"(0, 0)"
675,0,0.24746621621621623,True,0.5166235475449777,143.39000000000004,True,61,"(0, 0)"
676,0,0.24635135135135133,False,0.5870208259852182,22.75999999999995,False,124,"(0, 0)"
677,0,0.24523648648648644,True,0.6103707691881715,59.180000000000035,True,82,"(0, 0)"
678,0,0.24412162162162165,True,0.5959753201449992,143.39000000000004,True,61,"(0, 0)"
679,0,0.24300675675675676,True,0.5888481021660273,143.39000000000004,True,61,"(0, 0)"
680,0,0.24189189189189197,True,0.524812085253577,59.38000000000004,True,62,"(0, 0)"
681,0,0.24077702702702708,True,0.5112611876770121,143.39000000000004,True,61,"(0, 0)"
682,0,0.23966216216216218,True,0.6473918633504969,143.39000000000004,True,61,"(0, 0)"
683,0,0.2385472972972973,True,0.5831765901969105,143.39000000000004,True,61,"(0, 0)"
684,0,0.2374324324324324,True,0.5979699847273162,143.39000000000004,True,61,"(0, 0)"
685,0,0.2363175675675676,True,0.593965589694801,143.39000000000004,True,61,"(0, 0)"
686,0,0.23520270270270272,True,0.4656380726615103,59.17999999999988,True,82,"(0, 0)"
687,0,0.23408783783783782,True,0.5778053057242613,143.39000000000004,True,61,"(0, 0)"
688,0,0.23297297297297304,True,0.6111895921808409,-24.829999999999828,True,83,"(0, 0)"
689,0,0.23185810810810814,True,0.5784073288812012,143.39000000000004,True,61,"(0, 0)"
690,0,0.23074324324324336,True,0.5817784223889495,143.19000000000005,True,81,"(0, 0)"
691,0,0.22962837837837835,True,0.5178016419120041,143.19000000000003,True,81,"(0, 0)"
692,0,0.22851351351351346,True,0.6124127383389678,143.39000000000004,True,61,"(0, 0)"
693,0,0.22739864864864867,False,0.5040011466781218,-147.23999999999972,False,124,"(0, 0)"
694,0,0.22628378378378378,True,0.5242772842607191,59.37999999999998,True,62,"(0, 0)"
695,0,0.22516891891891888,True,0.5394664997415196,59.38000000000004,True,62,"(0, 0)"
696,0,0.2240540540540541,True,0.4916237986556465,59.380000000000024,True,62,"(0, 0)"
697,0,0.2229391891891892,True,0.5839189272679266,143.39000000000004,True,61,"(0, 0)"
698,0,0.22182432432432442,True,0.4566707217791041,143.39000000000004,True,61,"(0, 0)"
699,0,0.2207094594594594,True,0.4399862387904622,143.39000000000004,True,61,"(0, 0)"
700,0,0.21959459459459452,True,0.5373076153006039,58.98000000000006,True,102,"(0, 0)"
701,0,0.21847972972972973,True,0.5868080651553551,142.99000000000004,True,101,"(0, 0)"
702,0,0.21736486486486484,True,0.5543711351566627,143.39000000000004,True,61,"(0, 0)"
703,0,0.21625000000000005,True,0.5458120052225706,59.17999999999992,True,82,"(0, 0)"
704,0,0.21513513513513516,True,0.4714459149075336,143.39000000000004,True,61,"(0, 0)"
705,0,0.21402027027027026,True,0.5110856642526004,59.37999999999998,True,62,"(0, 0)"
706,0,0.21290540540540548,True,0.5147173162089822,143.19000000000003,True,81,"(0, 0)"
707,0,0.21179054054054047,True,0.5459837058528525,143.39000000000004,True,61,"(0, 0)"
708,0,0.2106756756756757,True,0.4693823691121623,143.39000000000004,True,61,"(0, 0)"
709,0,0.2095608108108108,True,0.5443906734258799,142.79000000000005,True,121,"(0, 0)"
710,0,0.2084459459459459,True,0.5407498989852122,143.19000000000003,True,81,"(0, 0)"
711,0,0.20733108108108111,True,0.44877164914715484,143.39000000000004,True,61,"(0, 0)"
712,0,0.20621621621621622,True,0.6219233837392595,-24.630000000000038,True,63,"(0, 0)"
713,0,0.20510135135135144,True,0.48598084794204743,143.39000000000004,True,61,"(0, 0)"
714,0,0.20398648648648654,True,0.5964534949374999,59.18000000000002,True,82,"(0, 0)"
715,0,0.20287162162162153,True,0.568498355732991,142.99,True,101,"(0, 0)"
716,0,0.20175675675675675,True,0.4686242766798504,59.38000000000004,True,62,"(0, 0)"
717,0,0.20064189189189185,True,0.5096236977909432,143.39000000000004,True,61,"(0, 0)"
718,0,0.19952702702702707,True,0.4867839214132457,143.39000000000004,True,61,"(0, 0)"
719,0,0.19841216216216218,True,0.48109454479886266,59.18000000000002,True,82,"(0, 0)"
720,0,0.19729729729729728,True,0.5374983552171558,143.39000000000004,True,61,"(0, 0)"
721,0,0.1961824324324325,True,0.5788860009891577,143.39000000000004,True,61,"(0, 0)"
722,0,0.1950675675675676,True,0.5377834809974569,143.39000000000004,True,61,"(0, 0)"
723,0,0.1939527027027027,True,0.4961499064763794,143.39000000000004,True,61,"(0, 0)"
724,0,0.1928378378378378,True,0.5582231028524579,143.39000000000004,True,61,"(0, 0)"
725,0,0.19172297297297292,True,0.5479037180909367,143.39000000000004,True,61,"(0, 0)"
726,0,0.19060810810810813,True,0.500063511899408,143.19000000000003,True,81,"(0, 0)"
727,0,0.18949324324324324,True,0.5579985101386661,143.39000000000004,True,61,"(0, 0)"
728,0,0.18837837837837845,True,0.4356129918797094,143.39000000000004,True,61,"(0, 0)"
729,0,0.18726351351351356,True,0.509204374258349,143.19,True,81,"(0, 0)"
730,0,0.18614864864864866,True,0.5108312960775172,143.39000000000004,True,61,"(0, 0)"
731,0,0.18503378378378377,True,0.5496432301053991,143.39000000000004,True,61,"(0, 0)"
732,0,0.18391891891891887,True,0.4863502088513586,59.37999999999998,True,62,"(0, 0)"
733,0,0.1828040540540541,True,0.595556954257801,143.39000000000004,True,61,"(0, 0)"
734,0,0.1816891891891892,True,0.4957613351917456,-24.629999999999896,True,63,"(0, 0)"
735,0,0.1805743243243243,True,0.531033289771466,143.39000000000004,True,61,"(0, 0)"
736,0,0.1794594594594595,True,0.5736140811541042,143.39000000000004,True,61,"(0, 0)"
737,0,0.17834459459459462,True,0.5172774790797705,143.19000000000005,True,81,"(0, 0)"
738,0,0.17722972972972983,True,0.5144595099521465,143.39000000000004,True,61,"(0, 0)"
739,0,0.17611486486486483,True,0.4974630728633289,-24.82999999999997,True,83,"(0, 0)"
740,0,0.17499999999999993,True,0.505581772720982,59.37999999999998,True,62,"(0, 0)"
741,0,0.17388513513513515,True,0.5454631618330957,143.39000000000004,True,61,"(0, 0)"
742,0,0.17277027027027025,True,0.4883843182784612,143.39000000000004,True,61,"(0, 0)"
743,0,0.17165540540540547,True,0.5051126790339829,143.39000000000004,True,61,"(0, 0)"
744,0,0.17054054054054057,True,0.5219369502738118,59.380000000000024,True,62,"(0, 0)"
745,0,0.16942567567567568,True,0.5031013823129603,143.39000000000004,True,61,"(0, 0)"
746,0,0.1683108108108109,True,0.44146909399165046,143.19,True,81,"(0, 0)"
747,0,0.1671959459459459,True,0.5572471400020552,143.39000000000004,True,61,"(0, 0)"
748,0,0.1660810810810811,True,0.5396718816072853,143.19000000000005,True,81,"(0, 0)"
749,0,0.1649662162162162,True,0.5169561975253899,143.39000000000004,True,61,"(0, 0)"
750,0,0.16385135135135132,True,0.45789752163804104,59.379999999999995,True,62,"(0, 0)"
751,0,0.16273648648648653,True,0.45274160948933145,143.39000000000004,True,61,"(0, 0)"
752,0,0.16162162162162164,True,0.49735643209949615,59.38000000000004,True,62,"(0, 0)"
753,0,0.16050675675675674,True,0.5253091801843438,143.39000000000004,True,61,"(0, 0)"
754,0,0.15939189189189196,True,0.4716632102356582,143.39000000000004,True,61,"(0, 0)"
755,0,0.15827702702702695,True,0.5309633868822797,143.39000000000004,True,61,"(0, 0)"
756,0,0.15716216216216217,True,0.4432026149063814,143.39000000000004,True,61,"(0, 0)"
757,0,0.15604729729729727,True,0.48716729278526,59.379999999999995,True,62,"(0, 0)"
758,0,0.15493243243243238,True,0.4681272300906846,143.39000000000004,True,61,"(0, 0)"
759,0,0.1538175675675676,True,0.5277018854852582,143.39000000000004,True,61,"(0, 0)"
760,0,0.1527027027027027,True,0.5251289277841322,143.39000000000004,True,61,"(0, 0)"
761,0,0.1515878378378379,True,0.4900961804293817,59.38000000000004,True,62,"(0, 0)"
762,0,0.15047297297297302,True,0.4780931746196232,143.19000000000005,True,81,"(0, 0)"
763,0,0.149358108108108,True,0.44650937859428885,143.19000000000005,True,81,"(0, 0)"
764,0,0.14824324324324323,True,0.4551976335144812,59.37999999999998,True,62,"(0, 0)"
765,0,0.14712837837837833,True,0.5802578986546055,143.39000000000004,True,61,"(0, 0)"
766,0,0.14601351351351355,True,0.5126491284578062,143.39000000000004,True,61,"(0, 0)"
767,0,0.14489864864864865,True,0.4869995723921256,143.39000000000004,True,61,"(0, 0)"
768,0,0.14378378378378376,True,0.49291343289259515,143.39000000000004,True,61,"(0, 0)"
769,0,0.14266891891891897,True,0.5285005780150656,143.39000000000004,True,61,"(0, 0)"
770,0,0.14155405405405408,True,0.465511066027947,59.37999999999998,True,62,"(0, 0)"
771,0,0.14043918918918918,True,0.5537827731583451,143.39000000000004,True,61,"(0, 0)"
772,0,0.1393243243243243,True,0.5335483389494361,143.39000000000004,True,61,"(0, 0)"
773,0,0.1382094594594594,True,0.40133708600931967,143.39000000000004,True,61,"(0, 0)"
774,0,0.1370945945945946,True,0.4555873214648884,143.39000000000004,True,61,"(0, 0)"
775,0,0.13597972972972971,True,0.5263069667166373,143.39000000000004,True,61,"(0, 0)"
776,0,0.13486486486486493,True,0.4637617359212676,143.39000000000004,True,61,"(0, 0)"
777,0,0.13375000000000004,True,0.516685881209178,143.39000000000004,True,61,"(0, 0)"
778,0,0.13263513513513514,True,0.48094854035937207,59.179999999999986,True,82,"(0, 0)"
779,0,0.13152027027027036,True,0.47114210575819016,59.38,True,62,"(0, 0)"
780,0,0.13040540540540535,True,0.47717003599263547,59.18000000000001,True,82,"(0, 0)"
781,0,0.12929054054054057,True,0.4541240634366137,143.39000000000004,True,61,"(0, 0)"
782,0,0.12817567567567567,True,0.4326846112237602,143.39000000000004,True,61,"(0, 0)"
783,0,0.12706081081081078,True,0.4944424740664783,143.39000000000004,True,61,"(0, 0)"
784,0,0.125945945945946,True,0.5085123355393527,143.39000000000004,True,61,"(0, 0)"
785,0,0.1248310810810811,True,0.5037733895673615,143.39000000000004,True,61,"(0, 0)"
786,0,0.12371621621621631,True,0.5531831437514888,143.19000000000003,True,81,"(0, 0)"
787,0,0.12260135135135142,True,0.5080746140972269,143.39000000000004,True,61,"(0, 0)"
788,0,0.12148648648648641,True,0.55573821047114,143.19000000000005,True,81,"(0, 0)"
789,0,0.12037162162162163,True,0.44909157716959225,143.39000000000004,True,61,"(0, 0)"
790,0,0.11925675675675673,True,0.4999801020031093,143.39000000000004,True,61,"(0, 0)"
791,0,0.11814189189189195,True,0.4898114474337609,143.39000000000004,True,61,"(0, 0)"
792,0,0.11702702702702705,True,0.42801638199361386,143.19000000000005,True,81,"(0, 0)"
793,0,0.11591216216216216,True,0.45978243248882117,143.19,True,81,"(0, 0)"
794,0,0.11479729729729737,True,0.4983332800816317,143.39000000000004,True,61,"(0, 0)"
795,0,0.11368243243243248,True,0.40668810339223954,59.37999999999998,True,62,"(0, 0)"
796,0,0.11256756756756758,True,0.5023487609673719,143.39000000000004,True,61,"(0, 0)"
797,0,0.11145270270270269,True,0.4586741001976113,59.38,True,62,"(0, 0)"
798,0,0.1103378378378378,True,0.4661316507892897,143.39000000000004,True,61,"(0, 0)"
799,0,0.10922297297297301,True,0.48140908678572986,59.380000000000024,True,62,"(0, 0)"
800,0,0.10810810810810811,True,0.4193261734774855,143.39000000000004,True,61,"(0, 0)"
801,0,0.10699324324324333,True,0.49310560115292423,143.39000000000004,True,61,"(0, 0)"
802,0,0.10587837837837843,True,0.48161415821399356,143.39000000000004,True,61,"(0, 0)"
803,0,0.10476351351351354,True,0.4748964725581349,143.39000000000004,True,61,"(0, 0)"
804,0,0.10364864864864864,True,0.44684123385270114,143.39000000000004,True,61,"(0, 0)"
805,0,0.10253378378378375,True,0.4801054692399673,143.39000000000004,True,61,"(0, 0)"
806,0,0.10141891891891885,True,0.5060006148929967,143.39000000000004,True,61,"(0, 0)"
807,0,0.10030405405405407,True,0.4082084130190435,143.39000000000004,True,61,"(0, 0)"
808,0,0.09918918918918918,True,0.3721494012603872,143.39000000000004,True,61,"(0, 0)"
809,0,0.09807432432432439,True,0.5351368173895801,143.39000000000004,True,61,"(0, 0)"
810,0,0.0969594594594595,True,0.4780443193158135,-108.63999999999977,True,64,"(0, 0)"
811,0,0.0958445945945946,True,0.4621886096849858,-24.829999999999913,True,83,"(0, 0)"
812,0,0.0947297297297297,True,0.42201704287060327,59.379999999999995,True,62,"(0, 0)"
813,0,0.09361486486486481,True,0.49324939413476854,59.37999999999998,True,62,"(0, 0)"
814,0,0.09250000000000003,True,0.4292129374674109,143.39000000000004,True,61,"(0, 0)"
815,0,0.09138513513513513,True,0.45855936343919057,143.39000000000004,True,61,"(0, 0)"
816,0,0.09027027027027024,True,0.4450003496417201,143.19000000000003,True,81,"(0, 0)"
817,0,0.08915540540540545,True,0.45060685536534084,143.39000000000004,True,61,"(0, 0)"
818,0,0.08804054054054056,True,0.49981328567898853,59.17999999999995,True,82,"(0, 0)"
819,0,0.08692567567567577,True,0.4826313837626834,143.19,True,81,"(0, 0)"
820,0,0.08581081081081077,True,0.42878610549158735,143.39000000000004,True,61,"(0, 0)"
821,0,0.08469594594594587,True,0.47508618262626473,59.379999999999995,True,62,"(0, 0)"
822,0,0.08358108108108109,True,0.42817487425090356,143.19000000000003,True,81,"(0, 0)"
823,0,0.08246621621621619,True,0.46637880854064323,143.39000000000004,True,61,"(0, 0)"
824,0,0.08135135135135141,True,0.42519531786808223,143.39000000000004,True,61,"(0, 0)"
825,0,0.08023648648648651,True,0.4389425815067819,143.39000000000004,True,61,"(0, 0)"
826,0,0.07912162162162162,True,0.47773717917868347,143.39000000000004,True,61,"(0, 0)"
827,0,0.07800675675675683,True,0.4822000674903393,59.379999999999995,True,62,"(0, 0)"
828,0,0.07689189189189183,True,0.4630073641778016,143.39000000000004,True,61,"(0, 0)"
829,0,0.07577702702702704,True,0.4512517324602995,143.39000000000004,True,61,"(0, 0)"
830,0,0.07466216216216215,True,0.3847575889686581,143.39000000000004,True,61,"(0, 0)"
831,0,0.07354729729729725,True,0.43914196724224774,143.39000000000004,True,61,"(0, 0)"
832,0,0.07243243243243247,True,0.5185677381079705,143.39000000000004,True,61,"(0, 0)"
833,0,0.07131756756756757,True,0.47745340955672694,143.39000000000004,True,61,"(0, 0)"
834,0,0.07020270270270279,True,0.44492994875497655,143.19,True,81,"(0, 0)"
835,0,0.0690878378378379,True,0.49255339883756444,143.39000000000004,True,61,"(0, 0)"
836,0,0.06797297297297289,True,0.4789391464904928,143.39000000000004,True,61,"(0, 0)"
837,0,0.0668581081081081,True,0.5375775716832427,143.39000000000004,True,61,"(0, 0)"
838,0,0.06574324324324321,True,0.4772750090380184,143.39000000000004,True,61,"(0, 0)"
839,0,0.06462837837837843,True,0.4949884355129277,143.39000000000004,True,61,"(0, 0)"
840,0,0.06351351351351353,True,0.39932370625558444,143.39000000000004,True,61,"(0, 0)"
841,0,0.062398648648648636,True,0.4359346342074578,143.39000000000004,True,61,"(0, 0)"
842,0,0.06128378378378385,True,0.44296864481113946,143.19,True,81,"(0, 0)"
843,0,0.06016891891891896,True,0.4306235885949897,143.39000000000004,True,61,"(0, 0)"
844,0,0.05905405405405406,True,0.4400816356580033,143.39000000000004,True,61,"(0, 0)"
845,0,0.057939189189189166,True,0.44451054362732856,143.39000000000004,True,61,"(0, 0)"
846,0,0.05682432432432427,True,0.46693154192361674,143.39000000000004,True,61,"(0, 0)"
847,0,0.05570945945945949,True,0.47686864014287467,143.39000000000004,True,61,"(0, 0)"
848,0,0.05459459459459459,True,0.5055561953636466,143.39000000000004,True,61,"(0, 0)"
849,0,0.05347972972972981,True,0.4451132302981664,143.39000000000004,True,61,"(0, 0)"
850,0,0.05236486486486491,True,0.4361491541637749,143.39000000000004,True,61,"(0, 0)"
851,0,0.05125000000000002,True,0.45237681123076895,143.39000000000004,True,61,"(0, 0)"
852,0,0.05013513513513512,True,0.5454228495965239,143.39000000000004,True,61,"(0, 0)"
853,0,0.04902027027027023,True,0.46062792245237555,143.39000000000004,True,61,"(0, 0)"
854,0,0.04790540540540544,True,0.47227021318967227,143.39000000000004,True,61,"(0, 0)"
855,0,0.04679054054054055,True,0.48755317715714214,143.39000000000004,True,61,"(0, 0)"
856,0,0.04567567567567565,True,0.5048258090697106,143.39000000000004,True,61,"(0, 0)"
857,0,0.04456081081081087,True,0.4958205511182791,143.39000000000004,True,61,"(0, 0)"
858,0,0.043445945945945974,True,0.48757141620897854,143.39000000000004,True,61,"(0, 0)"
859,0,0.04233108108108119,True,0.3787448737831389,143.39000000000004,True,61,"(0, 0)"
860,0,0.041216216216216184,True,0.4446309176197306,143.39000000000004,True,61,"(0, 0)"
861,0,0.04010135135135129,True,0.3693185445287677,143.39000000000004,True,61,"(0, 0)"
862,0,0.038986486486486505,True,0.44873235133461287,143.39000000000004,True,61,"(0, 0)"
863,0,0.03787162162162161,True,0.393324503644568,143.39000000000004,True,61,"(0, 0)"
864,0,0.036756756756756714,False,0.4477651349058555,22.75999999999998,False,124,"(0, 0)"
865,0,0.03564189189189193,True,0.45323082153517447,143.39000000000004,True,61,"(0, 0)"
866,0,0.034527027027027035,True,0.3977224509857717,143.39000000000004,True,61,"(0, 0)"
867,0,0.03341216216216225,True,0.38715828686464027,143.39000000000004,True,61,"(0, 0)"
868,0,0.032297297297297245,True,0.39231884534486006,143.39000000000004,True,61,"(0, 0)"
869,0,0.03118243243243235,True,0.4683411505740182,143.19,True,81,"(0, 0)"
870,0,0.030067567567567566,True,0.4232831228463376,143.39000000000004,True,61,"(0, 0)"
871,0,0.02895270270270267,True,0.4979763965381951,143.39000000000004,True,61,"(0, 0)"
872,0,0.027837837837837887,True,0.44495067495058793,143.39000000000004,True,61,"(0, 0)"
873,0,0.02672297297297299,True,0.4339881642391124,59.38,True,62,"(0, 0)"
874,0,0.025608108108108096,True,0.4570231310656813,143.39000000000004,True,61,"(0, 0)"
875,0,0.024493243243243312,True,0.4084346288219705,143.39000000000004,True,61,"(0, 0)"
876,0,0.023378378378378306,True,0.48646535467906077,143.39000000000004,True,61,"(0, 0)"
877,0,0.022263513513513522,True,0.43453943674437334,143.39000000000004,True,61,"(0, 0)"
878,0,0.021148648648648627,True,0.4904603673542132,143.39000000000004,True,61,"(0, 0)"
879,0,0.020033783783783732,True,0.4197120295196283,143.39000000000004,True,61,"(0, 0)"
880,0,0.018918918918918948,True,0.4086007503334616,143.39000000000004,True,61,"(0, 0)"
881,0,0.017804054054054053,True,0.4282278656104549,143.39000000000004,True,61,"(0, 0)"
882,0,0.01668918918918927,True,0.4288478428955938,143.39000000000004,True,61,"(0, 0)"
883,0,0.015574324324324373,True,0.5348566112520753,143.39000000000004,True,61,"(0, 0)"
884,0,0.014459459459459367,True,0.4450254333377988,143.19000000000003,True,81,"(0, 0)"
885,0,0.013344594594594583,True,0.460213933888151,143.39000000000004,True,61,"(0, 0)"
886,0,0.012229729729729688,True,0.4312346802383173,143.39000000000004,True,61,"(0, 0)"
887,0,0.011114864864864904,True,0.4678801699373566,143.39000000000004,True,61,"(0, 0)"
888,0,0.010000000000000009,True,0.4765683037580037,143.39000000000004,True,61,"(0, 0)"
889,0,0.01,True,0.461780957984509,143.39000000000004,True,61,"(0, 0)"
890,0,0.01,True,0.46925564633957184,143.39000000000004,True,61,"(0, 0)"
891,0,0.01,True,0.5115732415655597,143.39000000000004,True,61,"(0, 0)"
892,0,0.01,True,0.4367763344656493,143.39000000000004,True,61,"(0, 0)"
893,0,0.01,True,0.4332768005914375,143.39000000000004,True,61,"(0, 0)"
894,0,0.01,True,0.46912697672111087,143.39000000000004,True,61,"(0, 0)"
895,0,0.01,True,0.3846782817367892,143.39000000000004,True,61,"(0, 0)"
896,0,0.01,True,0.4075656948137845,143.39000000000004,True,61,"(0, 0)"
897,0,0.01,True,0.4532528297334421,143.39000000000004,True,61,"(0, 0)"
898,0,0.01,True,0.3954484862443365,143.39000000000004,True,61,"(0, 0)"
899,0,0.01,True,0.4524803597357918,143.39000000000004,True,61,"(0, 0)"
900,0,0.01,True,0.42245287961158595,143.39000000000004,True,61,"(0, 0)"
901,0,0.01,True,0.4288363459474239,143.39000000000004,True,61,"(0, 0)"
902,0,0.01,True,0.435829074549504,143.39000000000004,True,61,"(0, 0)"
903,0,0.01,True,0.4001102797442772,143.39000000000004,True,61,"(0, 0)"
904,0,0.01,True,0.4031002501667034,143.39000000000004,True,61,"(0, 0)"
905,0,0.01,True,0.3757367247685057,143.39000000000004,True,61,"(0, 0)"
906,0,0.01,True,0.44773336268600916,59.37999999999998,True,62,"(0, 0)"
907,0,0.01,True,0.401086726393856,143.39000000000004,True,61,"(0, 0)"
908,0,0.01,True,0.39410557976511656,143.39000000000004,True,61,"(0, 0)"
909,0,0.01,True,0.375861359363208,143.39000000000004,True,61,"(0, 0)"
910,0,0.01,True,0.5146637543058786,143.39000000000004,True,61,"(0, 0)"
911,0,0.01,True,0.3751450677967218,143.39000000000004,True,61,"(0, 0)"
912,0,0.01,True,0.3930912825477416,143.39000000000004,True,61,"(0, 0)"
913,0,0.01,True,0.3980959017196151,143.39000000000004,True,61,"(0, 0)"
914,0,0.01,True,0.3987989749637295,143.39000000000004,True,61,"(0, 0)"
915,0,0.01,True,0.3749275303094602,143.39000000000004,True,61,"(0, 0)"
916,0,0.01,True,0.43016187507720266,143.39000000000004,True,61,"(0, 0)"
917,0,0.01,True,0.38562746611652804,143.39000000000004,True,61,"(0, 0)"
918,0,0.01,True,0.40931190429713393,143.39000000000004,True,61,"(0, 0)"
919,0,0.01,True,0.42943728286162264,143.39000000000004,True,61,"(0, 0)"
920,0,0.01,True,0.3715512262138187,143.39000000000004,True,61,"(0, 0)"
921,0,0.01,True,0.41988839659719696,59.380000000000024,True,62,"(0, 0)"
922,0,0.01,True,0.41487060105580775,143.39000000000004,True,61,"(0, 0)"
923,0,0.01,True,0.44010459094262516,143.39000000000004,True,61,"(0, 0)"
924,0,0.01,True,0.4060871786605872,143.39000000000004,True,61,"(0, 0)"
925,0,0.01,True,0.35408601361006253,143.39000000000004,True,61,"(0, 0)"
926,0,0.01,True,0.42505504398560917,143.39000000000004,True,61,"(0, 0)"
927,0,0.01,True,0.36067158348675143,143.39000000000004,True,61,"(0, 0)"
928,0,0.01,True,0.42151971439235525,143.39000000000004,True,61,"(0, 0)"
929,0,0.01,True,0.31965580736821303,143.39000000000004,True,61,"(0, 0)"
930,0,0.01,True,0.4151981915728968,143.39000000000004,True,61,"(0, 0)"
931,0,0.01,True,0.4615487059059202,143.39000000000004,True,61,"(0, 0)"
932,0,0.01,True,0.4660517527553879,143.39000000000004,True,61,"(0, 0)"
933,0,0.01,True,0.4502460635417411,59.380000000000024,True,62,"(0, 0)"
934,0,0.01,True,0.4954120643192627,143.39000000000004,True,61,"(0, 0)"
935,0,0.01,True,0.43880590327755836,143.39000000000004,True,61,"(0, 0)"
936,0,0.01,True,0.3203971094650323,143.39000000000004,True,61,"(0, 0)"
937,0,0.01,True,0.4105375735012845,143.39000000000004,True,61,"(0, 0)"
938,0,0.01,True,0.38154153534989865,143.39000000000004,True,61,"(0, 0)"
939,0,0.01,True,0.397913770933376,143.39000000000004,True,61,"(0, 0)"
940,0,0.01,True,0.4220954576873633,143.39000000000004,True,61,"(0, 0)"
941,0,0.01,True,0.41645639102722776,143.39000000000004,True,61,"(0, 0)"
942,0,0.01,True,0.43888218906998144,143.39000000000004,True,61,"(0, 0)"
943,0,0.01,True,0.43190539893923235,143.39000000000004,True,61,"(0, 0)"
944,0,0.01,True,0.39177690638748347,143.39000000000004,True,61,"(0, 0)"
945,0,0.01,True,0.381715540209266,143.39000000000004,True,61,"(0, 0)"
946,0,0.01,True,0.43517727181162746,143.39000000000004,True,61,"(0, 0)"
947,0,0.01,True,0.42493326278006444,143.39000000000004,True,61,"(0, 0)"
948,0,0.01,True,0.338962317009258,143.39000000000004,True,61,"(0, 0)"
949,0,0.01,True,0.4159369790110231,143.19000000000005,True,81,"(0, 0)"
950,0,0.01,True,0.39076210047689175,59.379999999999995,True,62,"(0, 0)"
951,0,0.01,True,0.45396121585222543,143.39000000000004,True,61,"(0, 0)"
952,0,0.01,True,0.33911648774366887,143.39000000000004,True,61,"(0, 0)"
953,0,0.01,True,0.3079650590623744,143.39000000000004,True,61,"(0, 0)"
954,0,0.01,True,0.37383215469079184,143.39000000000004,True,61,"(0, 0)"
955,0,0.01,True,0.35041995688540034,143.39000000000004,True,61,"(0, 0)"
956,0,0.01,True,0.3606367261057384,143.39000000000004,True,61,"(0, 0)"
957,0,0.01,True,0.40279832549515315,143.39000000000004,True,61,"(0, 0)"
958,0,0.01,True,0.37256319800269655,143.39000000000004,True,61,"(0, 0)"
959,0,0.01,True,0.38496983369629156,143.39000000000004,True,61,"(0, 0)"
960,0,0.01,True,0.4326954380471687,143.39000000000004,True,61,"(0, 0)"
961,0,0.01,True,0.3448317279336882,143.39000000000004,True,61,"(0, 0)"
962,0,0.01,True,0.3569420006614728,143.39000000000004,True,61,"(0, 0)"
963,0,0.01,True,0.38805624354081075,143.39000000000004,True,61,"(0, 0)"
964,0,0.01,True,0.4141699501969775,143.39000000000004,True,61,"(0, 0)"
965,0,0.01,True,0.3935857237102922,143.39000000000004,True,61,"(0, 0)"
966,0,0.01,True,0.4245056815628634,143.39000000000004,True,61,"(0, 0)"
967,0,0.01,True,0.41957801363629393,143.39000000000004,True,61,"(0, 0)"
968,0,0.01,True,0.4015889507947398,143.39000000000004,True,61,"(0, 0)"
969,0,0.01,True,0.4935188885152218,143.39000000000004,True,61,"(0, 0)"
970,0,0.01,True,0.42547236236392477,143.39000000000004,True,61,"(0, 0)"
971,0,0.01,True,0.35180871394752966,143.39000000000004,True,61,"(0, 0)"
972,0,0.01,True,0.3644494814492884,143.39000000000004,True,61,"(0, 0)"
973,0,0.01,True,0.40666829552654116,143.39000000000004,True,61,"(0, 0)"
974,0,0.01,True,0.3891491533913573,143.39000000000004,True,61,"(0, 0)"
975,0,0.01,True,0.4008693626211559,143.39000000000004,True,61,"(0, 0)"
976,0,0.01,True,0.43382651435180763,143.39000000000004,True,61,"(0, 0)"
977,0,0.01,True,0.39560069867455566,143.39000000000004,True,61,"(0, 0)"
978,0,0.01,True,0.3709491478492979,143.39000000000004,True,61,"(0, 0)"
979,0,0.01,True,0.3624068186847401,143.39000000000004,True,61,"(0, 0)"
980,0,0.01,True,0.33593436618350814,143.39000000000004,True,61,"(0, 0)"
981,0,0.01,True,0.3722034715971009,143.39000000000004,True,61,"(0, 0)"
982,0,0.01,True,0.4155205750196684,143.39000000000004,True,61,"(0, 0)"
983,0,0.01,True,0.3596072697889854,143.39000000000004,True,61,"(0, 0)"
984,0,0.01,True,0.4031105935573578,143.39000000000004,True,61,"(0, 0)"
985,0,0.01,True,0.32171809273298646,143.39000000000004,True,61,"(0, 0)"
986,0,0.01,True,0.41167679680206004,143.39000000000004,True,61,"(0, 0)"
987,0,0.01,True,0.34893629961316625,59.379999999999995,True,62,"(0, 0)"
988,0,0.01,True,0.34454278985313214,143.39000000000004,True,61,"(0, 0)"
989,0,0.01,True,0.35877920444444067,143.39000000000004,True,61,"(0, 0)"
990,0,0.01,True,0.45019176692442325,143.39000000000004,True,61,"(0, 0)"
991,0,0.01,True,0.3371048629070159,143.39000000000004,True,61,"(0, 0)"
992,0,0.01,True,0.40384525476874394,143.19000000000005,True,81,"(0, 0)"
993,0,0.01,True,0.38328760453179234,143.39000000000004,True,61,"(0, 0)"
994,0,0.01,True,0.35965552956598706,143.39000000000004,True,61,"(0, 0)"
995,0,0.01,True,0.2750696003681324,143.39000000000004,True,61,"(0, 0)"
996,0,0.01,True,0.31277515481180346,143.39000000000004,True,61,"(0, 0)"
997,0,0.01,True,0.3680863836322163,143.39000000000004,True,61,"(0, 0)"
998,0,0.01,True,0.3918243213633045,143.39000000000004,True,61,"(0, 0)"
999,0,0.01,True,0.37693235386529417,143.39000000000004,True,61,"(0, 0)"
